sample_uid	sample_name	fastq_fwd_file_name	fastq_fwd_sha256_file_hash	fastq_rev_file_name	fastq_rev_sha256_file_hash	data_set_uid	data_set_name	raw_contigs	post_qc_absolute_seqs	post_qc_unique_seqs	post_taxa_id_absolute_symbiodiniaceae_seqs	post_taxa_id_unique_symbiodiniaceae_seqs	size_screening_violation_absolute	size_screening_violation_unique	post_taxa_id_absolute_non_symbiodiniaceae_seqs	post_taxa_id_unique_non_symbiodiniaceae_seqs	post_med_absolute	post_med_unique	noName Clade A	noName Clade B	noName Clade C	noName Clade D	noName Clade E	noName Clade F	noName Clade G	noName Clade H	noName Clade I	sample_type	host_phylum	host_class	host_order	host_family	host_genus	host_species	collection_latitude	collection_longitude	collection_date	collection_depth	C3u	C3	C3xu	C115	C21ab	C3xt	C3xv	22573_C	21841_C	C3ge	C3b	C3bn	21495_C	375675_C	101771_C	C115g	C115a	3176982_C	C3ro	C18a	103089_C	25878_C	C115e	C3kv	376531_C	C3gj	374292_C	9772_C	25305_C	22875_C	113196_C	101112_C	374365_C	D1	D1bj	D4	D2.2	D1c	2450882_D	D17d
164986	ATEN08	ATEN8_trim_1.fastq.gz	2ed17146f14efe6c974d50d563208be0fbf3e5b49468e75ccf542195723322ca	ATEN8_trim_2.fastq.gz	c066a8b39e7ac9cee3b06d06e3c8b750f39580ec0967c31f2fb4a1e0ea886de3	835	20230426T085852_jquijano	103692	98543	732	98461	724	82	8	0	0	96327	5	0	0	635	0	0	0	0	0	0	coral	Cnidaria	Hexacorallia	Scleractinia	Acroporidae	Acropora	 tenuis	16.29473000	120.01448000	20211113	NoData	77971	4402	10049	3270	0	0	0	635	0	0	0	0	0	0	0	0	0	0	0	0	0	0	0	0	0	0	0	0	0	0	0	0	0	0	0	0	0	0	0	0
164992	ATEN14	ATEN14_trim_1.fastq.gz	85b6e76e69157b983699405bfc98570c9c074c0830b19af0910f639497e2d7d9	ATEN14_trim_2.fastq.gz	6907897e29e45a59cab9d9d359342f231c19e46923cce6163ab9fbec65d0b63c	835	20230426T085852_jquijano	87524	83095	633	83040	629	55	4	0	0	81498	5	0	0	556	0	0	0	0	0	0	coral	Cnidaria	Hexacorallia	Scleractinia	Acroporidae	Acropora	 tenuis	16.29473000	120.01448000	20211113	NoData	70373	3756	4266	2547	0	0	0	556	0	0	0	0	0	0	0	0	0	0	0	0	0	0	0	0	0	0	0	0	0	0	0	0	0	0	0	0	0	0	0	0
164988	ATEN10	ATEN10_trim_1.fastq.gz	88d9549a879e318488e4aba29a979dd721ed1cb2f28096a3acbe5f3265f5ef21	ATEN10_trim_2.fastq.gz	7aaba24c08b800e060f95a2695af0811af8e1490c8fbc9bb57475331a24f3b29	835	20230426T085852_jquijano	109829	104194	768	104026	760	168	8	0	0	101571	5	0	0	753	0	0	0	0	0	0	coral	Cnidaria	Hexacorallia	Scleractinia	Acroporidae	Acropora	 tenuis	16.29473000	120.01448000	20211113	NoData	78484	5177	13518	3639	0	0	0	753	0	0	0	0	0	0	0	0	0	0	0	0	0	0	0	0	0	0	0	0	0	0	0	0	0	0	0	0	0	0	0	0
165006	ATEN28	ATEN28_trim_1.fastq.gz	a655337a236a6dd0591a8d32295e362cc02f4b98bbdad8fe6fd4f9a0282ae8c5	ATEN28_trim_2.fastq.gz	58a0a506d82ae6206c5eea9d5ea1d19a3c0284c10acb6cb4ebfe1c794303fd50	835	20230426T085852_jquijano	100078	94630	745	94583	741	47	4	0	0	92421	5	0	0	722	0	0	0	0	0	0	coral	Cnidaria	Hexacorallia	Scleractinia	Acroporidae	Acropora	 tenuis	16.29473000	120.01448000	20211113	NoData	70459	5324	12655	3261	0	0	0	722	0	0	0	0	0	0	0	0	0	0	0	0	0	0	0	0	0	0	0	0	0	0	0	0	0	0	0	0	0	0	0	0
164965	AMIL17	AMILMAGB_trim_1.fastq.gz	d744d02006e6ed0d5a4b10aba92e99dfaea341d9c49ba6c61f32a095a0127c4d	AMILMAGB_trim_2.fastq.gz	225d5f00ebb55b7c94a88f5e7e9f131d3e3f03ba58315bcc2b14abab1e37c481	835	20230426T085852_jquijano	96721	91096	778	91019	773	77	5	0	0	88797	5	0	0	694	0	0	0	0	0	0	coral	Cnidaria	Hexacorallia	Scleractinia	Acroporidae	Acropora	 millepora	16.31487000	120.03128000	20211005	NoData	66765	5716	12100	3522	0	0	0	694	0	0	0	0	0	0	0	0	0	0	0	0	0	0	0	0	0	0	0	0	0	0	0	0	0	0	0	0	0	0	0	0
164953	AMIL05	AMILCANE_trim_1.fastq.gz	72ee5b7864aa8065ae1f28e6569c6d49950696fd965c1d7ac1a4033647ad84b0	AMILCANE_trim_2.fastq.gz	fbe8cbaa543bcd19b38d51c3c8a13ded1eb4d0c47d44ca8b24d1f78111a52679	835	20230426T085852_jquijano	106879	101405	839	101299	831	106	8	0	0	98819	5	0	0	810	0	0	0	0	0	0	coral	Cnidaria	Hexacorallia	Scleractinia	Acroporidae	Acropora	 millepora	16.29466000	120.01467000	20211005	NoData	71541	5225	17849	3394	0	0	0	810	0	0	0	0	0	0	0	0	0	0	0	0	0	0	0	0	0	0	0	0	0	0	0	0	0	0	0	0	0	0	0	0
165003	ATEN25	ATEN25_trim_1.fastq.gz	a96182d7c531e12271a76330b12e8a983d9e1d79c118285d593322765043aeaf	ATEN25_trim_2.fastq.gz	cef2fe0e88987985d81c2624ff867d6ba9d4dac077f01bf1f55d4dc916790b7a	835	20230426T085852_jquijano	73767	68974	659	68908	655	66	4	0	0	67713	5	0	0	561	0	0	0	0	0	0	coral	Cnidaria	Hexacorallia	Scleractinia	Acroporidae	Acropora	 tenuis	16.29473000	120.01448000	20211113	NoData	52209	3993	8520	2430	0	0	0	561	0	0	0	0	0	0	0	0	0	0	0	0	0	0	0	0	0	0	0	0	0	0	0	0	0	0	0	0	0	0	0	0
164987	ATEN09	ATEN9_trim_1.fastq.gz	c87f994d92411a8fc1b41b67b55e4388e5d980f3f94c825b475b9a3df680339b	ATEN9_trim_2.fastq.gz	6faeb055fb51ca63a3ecc212b17f6c5df7b5db0d4746d68ae10b36ee03875c84	835	20230426T085852_jquijano	104582	99040	772	98990	767	50	5	0	0	96633	5	0	0	809	0	0	0	0	0	0	coral	Cnidaria	Hexacorallia	Scleractinia	Acroporidae	Acropora	 tenuis	16.29473000	120.01448000	20211113	NoData	74933	4710	12902	3279	0	0	0	809	0	0	0	0	0	0	0	0	0	0	0	0	0	0	0	0	0	0	0	0	0	0	0	0	0	0	0	0	0	0	0	0
164926	ADIG18	ADIG18_trim_1.fastq.gz	683a90cdd8d43f4980777a3e2440ccaf78a82b598015f11355441a5960f0665e	ADIG18_trim_2.fastq.gz	3ad888b34d630b41d600f29edcc8c5758a4b8e8617e159f1e40428c1b5808fe9	835	20230426T085852_jquijano	104300	98861	807	98778	800	83	7	0	0	96481	5	0	0	808	0	0	0	0	0	0	coral	Cnidaria	Hexacorallia	Scleractinia	Acroporidae	Acropora	 digitifera	16.31042000	120.02948000	20211027	NoData	71630	5057	15400	3586	0	0	0	808	0	0	0	0	0	0	0	0	0	0	0	0	0	0	0	0	0	0	0	0	0	0	0	0	0	0	0	0	0	0	0	0
164983	ATEN05	ATEN5_trim_1.fastq.gz	a87b7cbef4a1c614e9155740f65a339eab36fbb429d9ab7d30be93ff4cbf068e	ATEN5_trim_2.fastq.gz	381262a175c453f0ef1b046ff3a78834688812b04a9d4910cbe5ee13d4e60259	835	20230426T085852_jquijano	95353	90189	730	90124	725	65	5	0	0	88125	5	0	0	751	0	0	0	0	0	0	coral	Cnidaria	Hexacorallia	Scleractinia	Acroporidae	Acropora	 tenuis	16.29473000	120.01448000	20211113	NoData	70232	4652	9394	3096	0	0	0	751	0	0	0	0	0	0	0	0	0	0	0	0	0	0	0	0	0	0	0	0	0	0	0	0	0	0	0	0	0	0	0	0
164955	AMIL07	AMILCANG_trim_1.fastq.gz	1fe5ef7d49e7fa527c4c5d9823da663de09aa505a7d32732f5152b290ad308c3	AMILCANG_trim_2.fastq.gz	ac9f270472023a1527cac4fa64b01f4e17a7bf1a03c5512d7a2a4fef07fbeb05	835	20230426T085852_jquijano	87973	83005	765	82936	759	69	6	0	0	81181	6	0	0	688	0	0	0	0	0	0	coral	Cnidaria	Hexacorallia	Scleractinia	Acroporidae	Acropora	 millepora	16.29466000	120.01467000	20211005	NoData	58718	4360	14657	2751	0	0	0	688	0	0	0	0	0	0	0	0	0	0	0	0	0	0	0	0	0	0	0	0	0	0	0	0	0	7	0	0	0	0	0	0
164999	ATEN21	ATEN21_trim_1.fastq.gz	bb0af3b4e6793122a45bceeeb04ce233a83e02d4b491abd0d769954721da14f6	ATEN21_trim_2.fastq.gz	8c7a69c5e352a6b1fab4ccbfc94665a108b3a9684f20cc0494d7480c9b0359b4	835	20230426T085852_jquijano	96031	91024	724	90968	720	56	4	0	0	88838	5	0	0	772	0	0	0	0	0	0	coral	Cnidaria	Hexacorallia	Scleractinia	Acroporidae	Acropora	 tenuis	16.29473000	120.01448000	20211113	NoData	68449	5037	11158	3422	0	0	0	772	0	0	0	0	0	0	0	0	0	0	0	0	0	0	0	0	0	0	0	0	0	0	0	0	0	0	0	0	0	0	0	0
165007	ATEN29	ATEN29_trim_1.fastq.gz	8e873efd61540b2cc37fd9472e7583061afaf7b14dc8e97ee2c9cb0157c9909f	ATEN29_trim_2.fastq.gz	7326ee4a938ac430507b4039acbd30c06bf3d0609d4867b637aacc950eda1b92	835	20230426T085852_jquijano	107860	101891	776	101831	772	60	4	0	0	99511	5	0	0	908	0	0	0	0	0	0	coral	Cnidaria	Hexacorallia	Scleractinia	Acroporidae	Acropora	 tenuis	16.29473000	120.01448000	20211113	NoData	76610	5452	12940	3601	0	0	0	908	0	0	0	0	0	0	0	0	0	0	0	0	0	0	0	0	0	0	0	0	0	0	0	0	0	0	0	0	0	0	0	0
164922	ADIG14	ADIG14_trim_1.fastq.gz	4c6a1ae64a264ee2b0fbcf67e5a9110070a73cb97877b03d509216afce14bc2c	ADIG14_trim_2.fastq.gz	d259d7b61b4d01c26e1889bf1fe53cd3d96828d37966cca678783797551d0df2	835	20230426T085852_jquijano	77468	73431	587	73408	585	23	2	0	0	71935	5	0	0	681	0	0	0	0	0	0	coral	Cnidaria	Hexacorallia	Scleractinia	Acroporidae	Acropora	 digitifera	16.31042000	120.02948000	20211027	NoData	58894	4042	5789	2529	0	0	0	681	0	0	0	0	0	0	0	0	0	0	0	0	0	0	0	0	0	0	0	0	0	0	0	0	0	0	0	0	0	0	0	0
164981	ATEN03	ATEN03_trim_1.fastq.gz	e5f6ad3de965a46e1b4ce0b499c2aaf262d9f04c2be676c1027d0a2ea79ae958	ATEN03_trim_2.fastq.gz	4ada4c849738924ef5714703c3e79a6199e7ff59ae63cef5a433bb0fe2724d01	835	20230426T085852_jquijano	108739	102793	802	102732	796	61	6	0	0	100279	5	0	0	967	0	0	0	0	0	0	coral	Cnidaria	Hexacorallia	Scleractinia	Acroporidae	Acropora	 tenuis	16.29473000	120.01448000	20211113	NoData	79625	5419	10358	3910	0	0	0	967	0	0	0	0	0	0	0	0	0	0	0	0	0	0	0	0	0	0	0	0	0	0	0	0	0	0	0	0	0	0	0	0
164937	ADIG29	ADIG29_trim_1.fastq.gz	f5b6c566aa9f060de92f6a8bb2f5d70a525d9273309de6f73037f1d22cfb06a1	ADIG29_trim_2.fastq.gz	9c81bd8d078e91a31592419e6ee27672216933558ae216bc2f7bd9e17c452411	835	20230426T085852_jquijano	110823	105166	769	105094	765	72	4	0	0	102167	6	0	0	880	0	0	0	0	0	0	coral	Cnidaria	Hexacorallia	Scleractinia	Acroporidae	Acropora	 digitifera	16.31042000	120.02948000	20211027	NoData	83770	4849	8449	3766	0	0	0	880	0	453	0	0	0	0	0	0	0	0	0	0	0	0	0	0	0	0	0	0	0	0	0	0	0	0	0	0	0	0	0	0
164952	AMIL04	AMILCAND_trim_1.fastq.gz	c733f97404973a97ff3436d54b2a107b51567f3180ec37636835e4e92413ea6c	AMILCAND_trim_2.fastq.gz	7e98503e9d3bdd9c35c0b41668e191b6cdd3dd12c447a94c0b156c78f686a8b5	835	20230426T085852_jquijano	67772	62966	637	62934	633	32	4	0	0	61781	6	0	0	429	0	0	0	0	0	0	coral	Cnidaria	Hexacorallia	Scleractinia	Acroporidae	Acropora	 millepora	16.29466000	120.01467000	20211005	NoData	44176	3520	11007	2240	409	0	0	429	0	0	0	0	0	0	0	0	0	0	0	0	0	0	0	0	0	0	0	0	0	0	0	0	0	0	0	0	0	0	0	0
164940	ADIG32	ADIG32_trim_1.fastq.gz	f45933886ea1a4fe7fa559986e4bf73d79cebe06272001bb1aa220cc7d406976	ADIG32_trim_2.fastq.gz	55e2b52ccaf0b3e6c8f1f9878ad8eb8717c14e060b0792cbea6471182b6ef0de	835	20230426T085852_jquijano	72802	68030	646	67976	641	54	5	0	0	67232	6	0	0	545	0	0	0	0	0	0	coral	Cnidaria	Hexacorallia	Scleractinia	Acroporidae	Acropora	 digitifera	16.31042000	120.02948000	20211027	NoData	51920	3313	8717	2342	395	0	0	545	0	0	0	0	0	0	0	0	0	0	0	0	0	0	0	0	0	0	0	0	0	0	0	0	0	0	0	0	0	0	0	0
164980	ATEN02	ATEN02_trim_1.fastq.gz	1c57cece929f15a852990b702c8c9ff9be081e47c822623b3ac48fa580d9d2af	ATEN02_trim_2.fastq.gz	31792e2655eb6142e4994d97017feab07f4819aef09507559b97ec363827519d	835	20230426T085852_jquijano	93195	87919	740	87815	733	104	7	0	0	86834	6	0	0	674	0	0	0	0	0	0	coral	Cnidaria	Hexacorallia	Scleractinia	Acroporidae	Acropora	 tenuis	16.29473000	120.01448000	20211113	NoData	64479	4993	12652	3473	563	0	0	674	0	0	0	0	0	0	0	0	0	0	0	0	0	0	0	0	0	0	0	0	0	0	0	0	0	0	0	0	0	0	0	0
165000	ATEN22	ATEN22_trim_1.fastq.gz	42db3c19be629ad98553d3cdf3aaac234a344cbac8cd6c9d2ea4db3c9ab11763	ATEN22_trim_2.fastq.gz	9426765dc31da39adc5f6b6d245eff4c6b9a9a0a3557e562a6629dad166c8829	835	20230426T085852_jquijano	83115	78264	682	78205	678	59	4	0	0	77335	6	0	0	563	0	0	0	0	0	0	coral	Cnidaria	Hexacorallia	Scleractinia	Acroporidae	Acropora	 tenuis	16.29473000	120.01448000	20211113	NoData	58653	4231	10551	2798	539	0	0	563	0	0	0	0	0	0	0	0	0	0	0	0	0	0	0	0	0	0	0	0	0	0	0	0	0	0	0	0	0	0	0	0
165005	ATEN27	ATEN27_trim_1.fastq.gz	4b5dd230fb8c667718729c58998213d902706315124a665d183f417fe6870877	ATEN27_trim_2.fastq.gz	2340f3da94b5b101aa4c167de651046f5fb2cc783ec499dcc37a9d06e0ff80e8	835	20230426T085852_jquijano	107158	101602	784	101521	780	81	4	0	0	99865	6	0	0	792	0	0	0	0	0	0	coral	Cnidaria	Hexacorallia	Scleractinia	Acroporidae	Acropora	 tenuis	16.29473000	120.01448000	20211113	NoData	77739	5751	11138	3745	700	0	0	792	0	0	0	0	0	0	0	0	0	0	0	0	0	0	0	0	0	0	0	0	0	0	0	0	0	0	0	0	0	0	0	0
164956	AMIL08	AMILCANH_trim_1.fastq.gz	e822baf469edd57dd80ee972e046c34fd08b1dce2423e4ebaf63c294c4a51ed6	AMILCANH_trim_2.fastq.gz	3e841a50c22c4cc8b11dd32c4db1744aae92cc6f230fc014833c3000692c320a	835	20230426T085852_jquijano	96851	91651	738	91579	733	72	5	0	0	90044	6	0	0	666	0	0	0	0	0	0	coral	Cnidaria	Hexacorallia	Scleractinia	Acroporidae	Acropora	 millepora	16.29466000	120.01467000	20211005	NoData	69784	5049	10492	3365	688	0	0	666	0	0	0	0	0	0	0	0	0	0	0	0	0	0	0	0	0	0	0	0	0	0	0	0	0	0	0	0	0	0	0	0
164982	ATEN04	ATEN4_trim_1.fastq.gz	f142e405ed88b71dd29f7891c29e3a231118b227b718d502c893e598c1bf91d0	ATEN4_trim_2.fastq.gz	9af599a16d026aad9e97bed13c2ae80d11028c4558df8e1cdaf7eed9ba1cc9cc	835	20230426T085852_jquijano	94323	89245	723	89187	718	58	5	0	0	87664	6	0	0	780	0	0	0	0	0	0	coral	Cnidaria	Hexacorallia	Scleractinia	Acroporidae	Acropora	 tenuis	16.29473000	120.01448000	20211113	NoData	66060	4681	12397	3187	559	0	0	780	0	0	0	0	0	0	0	0	0	0	0	0	0	0	0	0	0	0	0	0	0	0	0	0	0	0	0	0	0	0	0	0
164985	ATEN07	ATEN7_trim_1.fastq.gz	5c1d808159ac126ef6dae5a01303deb4439e6341ffa2a6358450d406c98a03f7	ATEN7_trim_2.fastq.gz	a180e5e65086893de7e33a3eb7f7833e111f6d5f37549ca845dc12368c537bad	835	20230426T085852_jquijano	105411	100171	772	100072	767	99	5	0	0	98466	7	0	0	877	0	0	0	0	0	0	coral	Cnidaria	Hexacorallia	Scleractinia	Acroporidae	Acropora	 tenuis	16.29473000	120.01448000	20211113	NoData	75541	5455	12109	3853	626	0	0	877	0	0	0	0	0	0	0	0	0	0	0	0	0	0	0	0	0	0	0	0	0	0	0	0	0	0	0	5	0	0	0	0
165004	ATEN26	ATEN26_trim_1.fastq.gz	4e2504c00280a27d028865b39c8238c855a33ce1578ca9e96725b34c0ff37fe3	ATEN26_trim_2.fastq.gz	48c9843cc7f651d7948489bc2283960a3c8f1868be73056cab98ed5dde201847	835	20230426T085852_jquijano	94478	88992	742	88918	737	74	5	0	0	87458	9	0	0	748	0	0	0	0	0	0	coral	Cnidaria	Hexacorallia	Scleractinia	Acroporidae	Acropora	 tenuis	16.29473000	120.01448000	20211113	NoData	67751	4847	9883	3620	567	0	0	748	0	0	0	0	0	0	0	0	0	0	0	0	0	0	0	0	0	0	0	0	0	0	0	0	0	27	11	0	0	0	0	4
164998	ATEN20	ATEN20_trim_1.fastq.gz	c6247917ff97587a0e1a9c5da6f3dd3714a0deb779603f16d44ec42ff56ad11f	ATEN20_trim_2.fastq.gz	df1ff7d843129a2d8b72d546e6b80022706a0b0c2be86d77d05b6f23c7821bc7	835	20230426T085852_jquijano	97345	92146	739	92050	734	96	5	0	0	90471	6	0	0	788	0	0	0	0	0	0	coral	Cnidaria	Hexacorallia	Scleractinia	Acroporidae	Acropora	 tenuis	16.29473000	120.01448000	20211113	NoData	68678	4508	12639	3240	618	0	0	788	0	0	0	0	0	0	0	0	0	0	0	0	0	0	0	0	0	0	0	0	0	0	0	0	0	0	0	0	0	0	0	0
164927	ADIG19	ADIG19_trim_1.fastq.gz	09719d32b74aaac240f8748e58f01cbf52bd055dc1d62f8a948663f8549a04ce	ADIG19_trim_2.fastq.gz	24590d70d551e7d8db8a2adcd59307ffaee372c08e824b98caf6ba4fa7d5fb1d	835	20230426T085852_jquijano	96641	91778	681	91723	677	55	4	0	0	90232	6	0	0	811	0	0	0	0	0	0	coral	Cnidaria	Hexacorallia	Scleractinia	Acroporidae	Acropora	 digitifera	16.31042000	120.02948000	20211027	NoData	70557	5184	9597	3462	621	0	0	811	0	0	0	0	0	0	0	0	0	0	0	0	0	0	0	0	0	0	0	0	0	0	0	0	0	0	0	0	0	0	0	0
164959	AMIL11	AMILCANK_trim_1.fastq.gz	4fe655059a916fe67f9fd323da2121959017e9b162b9f47e3dfd542e32704b73	AMILCANK_trim_2.fastq.gz	b61244c8bbc134ea6004b530476a6928fc32319e2563e04460aaeb4c177b4ca6	835	20230426T085852_jquijano	94541	89775	675	89707	670	68	5	0	0	88693	6	0	0	751	0	0	0	0	0	0	coral	Cnidaria	Hexacorallia	Scleractinia	Acroporidae	Acropora	 millepora	16.29466000	120.01467000	20211005	NoData	71064	4392	9054	2772	660	0	0	751	0	0	0	0	0	0	0	0	0	0	0	0	0	0	0	0	0	0	0	0	0	0	0	0	0	0	0	0	0	0	0	0
164994	ATEN16	ATEN16_trim_1.fastq.gz	eed2e845a1bd5372d038fdbe3e5868004a77376195f07c601474896cb7d13e77	ATEN16_trim_2.fastq.gz	327cb02a6fbb3aca09bb8cfb947887b7daf93bce4371b1cb97083cd8da10177e	835	20230426T085852_jquijano	105849	100264	759	100158	753	106	6	0	0	98485	6	0	0	858	0	0	0	0	0	0	coral	Cnidaria	Hexacorallia	Scleractinia	Acroporidae	Acropora	 tenuis	16.29473000	120.01448000	20211113	NoData	73833	5281	13702	4100	711	0	0	858	0	0	0	0	0	0	0	0	0	0	0	0	0	0	0	0	0	0	0	0	0	0	0	0	0	0	0	0	0	0	0	0
164991	ATEN13	ATEN13_trim_1.fastq.gz	a41f85ee739db6a4d0fdefdbbdd924526c4b9a146462414ab8e77e82e74fe41d	ATEN13_trim_2.fastq.gz	954b436981021aa5631331981f833e0d0bd5af3a219cc636b78eb07af224f219	835	20230426T085852_jquijano	109032	103315	821	103214	814	101	7	0	0	101279	6	0	0	903	0	0	0	0	0	0	coral	Cnidaria	Hexacorallia	Scleractinia	Acroporidae	Acropora	 tenuis	16.29473000	120.01448000	20211113	NoData	76243	5649	13775	3995	714	0	0	903	0	0	0	0	0	0	0	0	0	0	0	0	0	0	0	0	0	0	0	0	0	0	0	0	0	0	0	0	0	0	0	0
164996	ATEN18	ATEN18_trim_1.fastq.gz	a689f903ed8a32eee2809a863897bf755a181f20431d39a4dbceb4a6bf60a6ec	ATEN18_trim_2.fastq.gz	864a617246db7f55f05caef6a9cb1731a3f09fb1bb77ac34a1de1dd46b836073	835	20230426T085852_jquijano	94704	89421	770	89348	766	73	4	0	0	87925	6	0	0	746	0	0	0	0	0	0	coral	Cnidaria	Hexacorallia	Scleractinia	Acroporidae	Acropora	 tenuis	16.29473000	120.01448000	20211113	NoData	65327	4839	13294	3061	658	0	0	746	0	0	0	0	0	0	0	0	0	0	0	0	0	0	0	0	0	0	0	0	0	0	0	0	0	0	0	0	0	0	0	0
164967	AMIL19	AMILMAGD_trim_1.fastq.gz	19aea6e3485db97b77281b85db4c3cae823777b3b35fb12156f2d146c924a1ad	AMILMAGD_trim_2.fastq.gz	9eb62119561aabcdb2c3e8340f70acdd985134b6ddd7b0fcbfbc3a89c44e326a	835	20230426T085852_jquijano	81630	74870	856	74816	853	54	3	0	0	73190	6	0	0	630	0	0	0	0	0	0	coral	Cnidaria	Hexacorallia	Scleractinia	Acroporidae	Acropora	 millepora	16.31487000	120.03128000	20211005	NoData	52699	4304	11996	2996	565	0	0	630	0	0	0	0	0	0	0	0	0	0	0	0	0	0	0	0	0	0	0	0	0	0	0	0	0	0	0	0	0	0	0	0
164932	ADIG24	ADIG24_trim_1.fastq.gz	f690009b4f2d11395029a73ca3447f3aeb062f0a37059b40ab9dc44c1a3ac7c1	ADIG24_trim_2.fastq.gz	6ec870d3782da45366fd806cbf2b9561c12f8ca22ed31286322b5c28c8d62a56	835	20230426T085852_jquijano	89380	84185	645	84139	642	46	3	0	0	82742	6	0	0	766	0	0	0	0	0	0	coral	Cnidaria	Hexacorallia	Scleractinia	Acroporidae	Acropora	 digitifera	16.31042000	120.02948000	20211027	NoData	66255	4879	6754	3487	601	0	0	766	0	0	0	0	0	0	0	0	0	0	0	0	0	0	0	0	0	0	0	0	0	0	0	0	0	0	0	0	0	0	0	0
164924	ADIG16	ADIG16_trim_1.fastq.gz	62d6fdafa2aeb08255ba59ea274b5199cdb4adffecdba3bd0987bea6559812c4	ADIG16_trim_2.fastq.gz	cbe30065218956fb71b818fb26490c0525dbbc99bac3169c89d63bc0d7aee254	835	20230426T085852_jquijano	78865	73185	806	73128	803	57	3	0	0	71728	6	0	0	588	0	0	0	0	0	0	coral	Cnidaria	Hexacorallia	Scleractinia	Acroporidae	Acropora	 digitifera	16.31042000	120.02948000	20211027	NoData	53686	4036	10209	2608	601	0	0	588	0	0	0	0	0	0	0	0	0	0	0	0	0	0	0	0	0	0	0	0	0	0	0	0	0	0	0	0	0	0	0	0
164962	AMIL14	AMILCANN_trim_1.fastq.gz	a644ddbd6acc88cf61b82655057538b535816d148f38421be473da92f464f1bf	AMILCANN_trim_2.fastq.gz	dbdfa2f37894272432d4de6bb8250b134f1fd9b2c27f18b82afdd0181a8774a9	835	20230426T085852_jquijano	75456	70580	679	70479	675	101	4	0	0	69315	6	0	0	0	0	0	0	0	0	0	coral	Cnidaria	Hexacorallia	Scleractinia	Acroporidae	Acropora	 millepora	16.29466000	120.01467000	20211005	NoData	53432	8085	4792	1835	809	0	0	0	0	362	0	0	0	0	0	0	0	0	0	0	0	0	0	0	0	0	0	0	0	0	0	0	0	0	0	0	0	0	0	0
164925	ADIG17	ADIG17_trim_1.fastq.gz	ee0924eeacecdc3cdb0647dc8edcabdfd20b5595c0f93842ff0b7eea03cb0540	ADIG17_trim_2.fastq.gz	06b9277c045e940f941497d87644ce646ca07f534d9f1c0da10e0efe7af32521	835	20230426T085852_jquijano	92153	87043	676	86986	673	57	3	0	0	85396	6	0	0	873	0	0	0	0	0	0	coral	Cnidaria	Hexacorallia	Scleractinia	Acroporidae	Acropora	 digitifera	16.31042000	120.02948000	20211027	NoData	70084	5790	4652	3383	614	0	0	873	0	0	0	0	0	0	0	0	0	0	0	0	0	0	0	0	0	0	0	0	0	0	0	0	0	0	0	0	0	0	0	0
164995	ATEN17	ATEN17_trim_1.fastq.gz	da314bfd8df388d68014c1ed1cee49fe24ad6addea01fa40ece15a57f9c61051	ATEN17_trim_2.fastq.gz	d7050756b8d7d6c0d198dff3310b5940ff345a6db747f68b84d6734b70981194	835	20230426T085852_jquijano	69701	64617	628	64541	623	76	5	0	0	63352	6	0	0	1177	0	0	0	0	0	0	coral	Cnidaria	Hexacorallia	Scleractinia	Acroporidae	Acropora	 tenuis	16.29473000	120.01448000	20211113	NoData	49936	3289	6682	2262	0	0	0	0	0	0	0	0	0	0	0	0	0	0	0	0	1177	0	0	0	0	0	0	0	0	0	0	0	0	6	0	0	0	0	0	0
164954	AMIL06	AMILCANF_trim_1.fastq.gz	948b0a45f431b1c8ffa8d89bdcdb743f7cdb51c9641110cec8fdbb14c34b093f	AMILCANF_trim_2.fastq.gz	801d68c57ed0e8604f964fca6f7a8aaaba22a24ea00551ce47c8e8ec779f6e73	835	20230426T085852_jquijano	83231	78347	712	78249	706	98	6	0	0	76610	7	0	0	583	0	0	0	0	0	0	coral	Cnidaria	Hexacorallia	Scleractinia	Acroporidae	Acropora	 millepora	16.29466000	120.01467000	20211005	NoData	56447	4221	11518	2981	528	0	0	583	0	332	0	0	0	0	0	0	0	0	0	0	0	0	0	0	0	0	0	0	0	0	0	0	0	0	0	0	0	0	0	0
164950	AMIL02	AMILCANB_trim_1.fastq.gz	4fd8e1bd3d5d829e824ac65f883a692650a6fbf871edda3dd3fb06574773357e	AMILCANB_trim_2.fastq.gz	3a567276426a70a33bd76db092c528753d6c16e84b50e3108dabf322bd05ba59	835	20230426T085852_jquijano	96497	91660	754	91590	748	70	6	0	0	89857	7	0	0	722	0	0	0	0	0	0	coral	Cnidaria	Hexacorallia	Scleractinia	Acroporidae	Acropora	 millepora	16.29466000	120.01467000	20211005	NoData	67758	5109	11856	3399	637	0	0	722	0	376	0	0	0	0	0	0	0	0	0	0	0	0	0	0	0	0	0	0	0	0	0	0	0	0	0	0	0	0	0	0
164984	ATEN06	ATEN6_trim_1.fastq.gz	c14b406bc11b22d929bd37caff214b0b2c17c65de6d0fb16f954702eff13b232	ATEN6_trim_2.fastq.gz	7b289fd7939ada5d35c3d5ed3955309f95c1c48b06b7cb6a52f8c4d0fd32a52b	835	20230426T085852_jquijano	111687	105525	798	105437	793	88	5	0	0	103001	5	0	0	2000	0	0	0	0	0	0	coral	Cnidaria	Hexacorallia	Scleractinia	Acroporidae	Acropora	 tenuis	16.29473000	120.01448000	20211113	NoData	79688	5641	12058	3614	0	0	0	0	0	0	0	0	0	0	0	0	0	2000	0	0	0	0	0	0	0	0	0	0	0	0	0	0	0	0	0	0	0	0	0	0
164920	ADIG12	ADIG12_trim_1.fastq.gz	be35ac719d2185bbee086f46b28e95d4b7abf496493078228905407f266add2e	ADIG12_trim_2.fastq.gz	b1584491d090ded0b1e5ae0fc134c790cdb2af1b74d78c2482768fd20dc6ed2f	835	20230426T085852_jquijano	68764	62370	731	62303	727	67	4	0	0	61442	6	0	0	595	0	0	0	0	0	0	coral	Cnidaria	Hexacorallia	Scleractinia	Acroporidae	Acropora	 digitifera	16.31042000	120.02948000	20211027	NoData	48276	4244	4891	2824	612	0	0	595	0	0	0	0	0	0	0	0	0	0	0	0	0	0	0	0	0	0	0	0	0	0	0	0	0	0	0	0	0	0	0	0
164939	ADIG31	ADIG31_trim_1.fastq.gz	2609871ea318769967b5ef7f0fae5f2ae38e7ee5dbe34fd27dc890dfcec3231f	ADIG31_trim_2.fastq.gz	66eaec4450e27f15abe2973c6d26a2fd0627b0e8751e8e042f73a2b5cac1fb24	835	20230426T085852_jquijano	86763	81443	673	81426	670	17	3	0	0	79650	7	0	0	549	0	0	0	0	0	0	coral	Cnidaria	Hexacorallia	Scleractinia	Acroporidae	Acropora	 digitifera	16.31042000	120.02948000	20211027	NoData	62712	6208	6081	3069	664	0	0	549	0	367	0	0	0	0	0	0	0	0	0	0	0	0	0	0	0	0	0	0	0	0	0	0	0	0	0	0	0	0	0	0
164964	AMIL16	AMILMAGA_trim_1.fastq.gz	e5fdead0fb352ca2b3cb5420b51a5740274fd17aba8c2a740fa0ed6d7ac79676	AMILMAGA_trim_2.fastq.gz	861b57ae389cc77dba8d476c7f405cfff56d72351ee9e2d69468e5ea9e24d3ac	835	20230426T085852_jquijano	80300	75769	695	75645	688	124	7	0	0	74070	7	0	0	611	0	0	0	0	0	0	coral	Cnidaria	Hexacorallia	Scleractinia	Acroporidae	Acropora	 millepora	16.31487000	120.03128000	20211005	NoData	53008	4126	12484	2935	541	0	0	611	0	365	0	0	0	0	0	0	0	0	0	0	0	0	0	0	0	0	0	0	0	0	0	0	0	0	0	0	0	0	0	0
164969	AMIL21	AMILMAGF_trim_1.fastq.gz	7923e45f4397cab11a9e1e10c8c6e365cd8ea23fb0b109bb65aa4cbaf96686f0	AMILMAGF_trim_2.fastq.gz	941ac9bbb9bb3ea35e7c16d260237d9b9bd64734b20201a5e495cc5d4dd963f5	835	20230426T085852_jquijano	110340	104385	911	104290	906	95	5	0	0	101566	7	0	0	776	0	0	0	0	0	0	coral	Cnidaria	Hexacorallia	Scleractinia	Acroporidae	Acropora	 millepora	16.31487000	120.03128000	20211005	NoData	70367	5519	18732	4856	714	0	0	776	0	602	0	0	0	0	0	0	0	0	0	0	0	0	0	0	0	0	0	0	0	0	0	0	0	0	0	0	0	0	0	0
164963	AMIL15	AMILCANO_trim_1.fastq.gz	18b1d052da2e82d150f4b72b4cccc75622e0a0c8ba6447f7b9642c0c40464f14	AMILCANO_trim_2.fastq.gz	d59d8c79391690e9ac60c52f842a5bd7877fa15a875def12e7236a3aa1875448	835	20230426T085852_jquijano	85400	80311	694	80204	688	107	6	0	0	78736	7	0	0	628	0	0	0	0	0	0	coral	Cnidaria	Hexacorallia	Scleractinia	Acroporidae	Acropora	 millepora	16.29466000	120.01467000	20211005	NoData	58150	4222	11263	3451	634	0	0	628	0	388	0	0	0	0	0	0	0	0	0	0	0	0	0	0	0	0	0	0	0	0	0	0	0	0	0	0	0	0	0	0
164913	ADIG05	ADIG5_trim_1.fastq.gz	086c82677480fab8d7689e69840358db13941f6d7e6992a884f78cb9dca66a13	ADIG5_trim_2.fastq.gz	48ee9bda45a61d27fd497186347e1ee85262eccceaa27a93f905f261f3ef06b3	835	20230426T085852_jquijano	93305	87964	665	87897	660	67	5	0	0	85712	7	0	0	780	0	0	0	0	0	0	coral	Cnidaria	Hexacorallia	Scleractinia	Acroporidae	Acropora	 digitifera	16.31042000	120.02948000	20211027	NoData	69064	4662	6556	3621	582	0	0	780	0	447	0	0	0	0	0	0	0	0	0	0	0	0	0	0	0	0	0	0	0	0	0	0	0	0	0	0	0	0	0	0
164978	AMIL30	AMILMAGO_trim_1.fastq.gz	3f15a0ab49de49e6a5871552ecbb6ab606a2e9783c9d47b5bba5b04ba1d24975	AMILMAGO_trim_2.fastq.gz	6bc4751532fb47e79382322d8f6143352d28fe5b5ee5f2b0b745b7720234ed87	835	20230426T085852_jquijano	77993	71973	802	71917	798	56	4	0	0	70008	7	0	0	531	0	0	0	0	0	0	coral	Cnidaria	Hexacorallia	Scleractinia	Acroporidae	Acropora	 millepora	16.31487000	120.03128000	20211005	NoData	53642	4718	7179	2984	567	0	0	531	0	387	0	0	0	0	0	0	0	0	0	0	0	0	0	0	0	0	0	0	0	0	0	0	0	0	0	0	0	0	0	0
164968	AMIL20	AMILMAGE_trim_1.fastq.gz	bcb07a8122ff990744d8017f49c3bb5f9cb70cbfff205e5902005e09eeb3c5f5	AMILMAGE_trim_2.fastq.gz	cb2a40ee80fac0fafd8f7c045a036bb66165b4db2a277177d86607dec859ad05	835	20230426T085852_jquijano	72203	66021	789	65981	786	40	3	0	0	64503	7	0	0	583	0	0	0	0	0	0	coral	Cnidaria	Hexacorallia	Scleractinia	Acroporidae	Acropora	 millepora	16.31487000	120.03128000	20211005	NoData	48958	3718	8031	2408	495	0	0	583	0	310	0	0	0	0	0	0	0	0	0	0	0	0	0	0	0	0	0	0	0	0	0	0	0	0	0	0	0	0	0	0
164915	ADIG07	ADIG7_trim_1.fastq.gz	e73218490562865fdd0fc41bd7533cd477c2d759d59415b548a8930c2ed85d63	ADIG7_trim_2.fastq.gz	41b0c71e0c8c139fb9d342f16c56ac2ba81a0520a51fdc7f04bde2a222e16092	835	20230426T085852_jquijano	68287	62797	769	62734	765	63	4	0	0	61091	7	0	0	566	0	0	0	0	0	0	coral	Cnidaria	Hexacorallia	Scleractinia	Acroporidae	Acropora	 digitifera	16.31042000	120.02948000	20211027	NoData	44680	3114	9207	2774	431	0	0	566	0	319	0	0	0	0	0	0	0	0	0	0	0	0	0	0	0	0	0	0	0	0	0	0	0	0	0	0	0	0	0	0
164951	AMIL03	AMILCANC_trim_1.fastq.gz	342caa713e7777c535ebc161ed195ef1a112fac4a5a7714d8c325894f2f0eecd	AMILCANC_trim_2.fastq.gz	d444f63813bfb6905d83c78774b1d7a5f92bbff5e31fc10777149683e418b769	835	20230426T085852_jquijano	91822	86699	694	86571	689	128	5	0	0	84588	7	0	0	767	0	0	0	0	0	0	coral	Cnidaria	Hexacorallia	Scleractinia	Acroporidae	Acropora	 millepora	16.29466000	120.01467000	20211005	NoData	64520	4720	10078	3446	601	0	0	767	0	456	0	0	0	0	0	0	0	0	0	0	0	0	0	0	0	0	0	0	0	0	0	0	0	0	0	0	0	0	0	0
164933	ADIG25	ADIG25_trim_1.fastq.gz	659073e1805c9d59c038e1dd75432aa2917e3b817f001c781482d3fb4c3951b2	ADIG25_trim_2.fastq.gz	d9317fa76814334050f97be998dfa7a7c8e7df41aba32307a6332bfc20c47a7d	835	20230426T085852_jquijano	100965	95906	706	95817	703	89	3	0	0	94034	7	0	0	949	0	0	0	0	0	0	coral	Cnidaria	Hexacorallia	Scleractinia	Acroporidae	Acropora	 digitifera	16.31042000	120.02948000	20211027	NoData	75102	5263	7885	3754	671	0	0	949	0	410	0	0	0	0	0	0	0	0	0	0	0	0	0	0	0	0	0	0	0	0	0	0	0	0	0	0	0	0	0	0
164961	AMIL13	AMILCANM_trim_1.fastq.gz	02270f3b4f75c5132aa19ed4a4d222577f5eb9e6204f294426569b7bd0c9b81a	AMILCANM_trim_2.fastq.gz	51ee1e7bf38686bdb9cda3fa7159445394e634a0d8b4d82a3a44ea1b49817b87	835	20230426T085852_jquijano	83784	78650	776	78511	768	139	8	0	0	76436	10	0	0	544	0	0	0	0	0	0	coral	Cnidaria	Hexacorallia	Scleractinia	Acroporidae	Acropora	 millepora	16.29466000	120.01467000	20211005	NoData	53810	6786	10601	3510	677	0	0	544	0	480	0	0	0	0	0	0	0	0	0	0	0	0	0	0	0	0	0	0	0	0	0	0	0	19	5	4	0	0	0	0
164943	ADIG35	ADIG35_trim_1.fastq.gz	88834ac39cde06edba3d053c43444114ab953fa6d1663900c91e8738b69d728a	ADIG35_trim_2.fastq.gz	7b529c8a3e3da88d6ff9492615acf9c481f21f4a9c5c398146e4dd836ba4aed4	835	20230426T085852_jquijano	86461	81283	685	81167	679	106	5	10	1	79286	7	0	0	555	0	0	0	0	0	0	coral	Cnidaria	Hexacorallia	Scleractinia	Acroporidae	Acropora	 digitifera	16.31042000	120.02948000	20211027	NoData	60154	8753	4764	3798	860	0	0	555	0	402	0	0	0	0	0	0	0	0	0	0	0	0	0	0	0	0	0	0	0	0	0	0	0	0	0	0	0	0	0	0
164945	ADIG37	ADIG37_trim_1.fastq.gz	1c118e7041b610a879be608c006e912637e97a5c2e8a02fe827806fc55ef5fec	ADIG37_trim_2.fastq.gz	f19f51f601e71baf744702258ab6f770ccb97f249e2e3b91b3e1b7353194ccdc	835	20230426T085852_jquijano	111466	105568	783	105414	773	151	9	3	1	102753	7	0	0	786	0	0	0	0	0	0	coral	Cnidaria	Hexacorallia	Scleractinia	Acroporidae	Acropora	 digitifera	16.31042000	120.02948000	20211027	NoData	77944	11002	6389	5031	1130	0	0	786	0	471	0	0	0	0	0	0	0	0	0	0	0	0	0	0	0	0	0	0	0	0	0	0	0	0	0	0	0	0	0	0
164958	AMIL10	AMILCANJ_trim_1.fastq.gz	64b13da700d22c5b7c0138db97a8d26c0e3258bee507b65baaa5f430862efc00	AMILCANJ_trim_2.fastq.gz	bfd070ccbf7aaee92b8496b5f0c90190673b6f10b079acf347b0d7eb58a1aeb4	835	20230426T085852_jquijano	95638	88637	896	88563	891	74	5	0	0	86119	7	0	0	821	0	0	0	0	0	0	coral	Cnidaria	Hexacorallia	Scleractinia	Acroporidae	Acropora	 millepora	16.29466000	120.01467000	20211005	NoData	66441	5516	8357	3721	831	0	0	821	0	432	0	0	0	0	0	0	0	0	0	0	0	0	0	0	0	0	0	0	0	0	0	0	0	0	0	0	0	0	0	0
164977	AMIL29	AMILMAGN_trim_1.fastq.gz	97e61f8a7680e90c21ed3a7e987c2902c0e517a5325e30156a87c64b7db95d90	AMILMAGN_trim_2.fastq.gz	162ec8e2f895276394add007458581c5b97b3a60307954f546a86faa46f7a392	835	20230426T085852_jquijano	62730	57759	727	57689	723	70	4	0	0	56221	7	0	0	685	0	0	0	0	0	0	coral	Cnidaria	Hexacorallia	Scleractinia	Acroporidae	Acropora	 millepora	16.31487000	120.03128000	20211005	NoData	41292	3781	7101	2545	524	0	0	685	0	293	0	0	0	0	0	0	0	0	0	0	0	0	0	0	0	0	0	0	0	0	0	0	0	0	0	0	0	0	0	0
164974	AMIL26	AMILMAGK_trim_1.fastq.gz	85fa657ec5fb38da11b5d2ff8265c6622d915ef6a16e6b10072b7cf25da24461	AMILMAGK_trim_2.fastq.gz	8c5b44b39420c2abe1f8c33749c4d175b3fde68e53fecf9017a4df8018ac0869	835	20230426T085852_jquijano	84681	79593	672	79477	665	116	7	0	0	77271	7	0	0	798	0	0	0	0	0	0	coral	Cnidaria	Hexacorallia	Scleractinia	Acroporidae	Acropora	 millepora	16.31487000	120.03128000	20211005	NoData	60292	5619	5390	3863	754	0	0	798	0	555	0	0	0	0	0	0	0	0	0	0	0	0	0	0	0	0	0	0	0	0	0	0	0	0	0	0	0	0	0	0
164960	AMIL12	AMILCANL_trim_1.fastq.gz	803c58d2fbdef8f57485773712b5694bc9c01cbfeac117aa9041d24847a7e6ac	AMILCANL_trim_2.fastq.gz	b6493b243f2aa7455c27f9742e353b622aa739c55143f7ffe1d28b97596a8b4e	835	20230426T085852_jquijano	83648	78796	588	78658	582	138	6	0	0	77128	9	0	0	638	0	0	0	0	0	0	coral	Cnidaria	Hexacorallia	Scleractinia	Acroporidae	Acropora	 millepora	16.29466000	120.01467000	20211005	NoData	60793	4172	7563	2392	581	0	0	638	0	435	0	0	0	0	0	0	548	0	0	0	0	0	0	0	0	0	0	0	0	0	0	0	0	6	0	0	0	0	0	0
165002	ATEN24	ATEN24_trim_1.fastq.gz	769e619c79e738cbfadeea90d64ece6f92b74f791413fd833449e232b9db3fc9	ATEN24_trim_2.fastq.gz	5e8bbf67cbfeff99fbfa82f3e2e34a74bf13f3ff1c415a3e5ca5e29775898626	835	20230426T085852_jquijano	95840	90937	704	90908	701	29	3	0	0	88808	5	0	0	3056	0	0	0	0	0	0	coral	Cnidaria	Hexacorallia	Scleractinia	Acroporidae	Acropora	 tenuis	16.29473000	120.01448000	20211113	NoData	68386	4373	10337	2656	0	0	0	0	0	0	0	0	0	0	0	0	0	3056	0	0	0	0	0	0	0	0	0	0	0	0	0	0	0	0	0	0	0	0	0	0
164912	ADIG04	ADIG4_trim_1.fastq.gz	c436dc9b0f778c17eaa1fe2d5babf3a84c34f7c9b3540cdd0406e0585db667ce	ADIG4_trim_2.fastq.gz	0aeade02b8ace1a4be0fe539ae5c4ec42c633f5b8c6357ded63ada59615026b9	835	20230426T085852_jquijano	97634	91857	753	91701	748	156	5	0	0	89830	6	0	0	0	0	0	0	0	0	0	coral	Cnidaria	Hexacorallia	Scleractinia	Acroporidae	Acropora	 digitifera	16.31042000	120.02948000	20211027	NoData	61561	13071	6587	3562	980	4069	0	0	0	0	0	0	0	0	0	0	0	0	0	0	0	0	0	0	0	0	0	0	0	0	0	0	0	0	0	0	0	0	0	0
165008	ATEN30	ATEN30_trim_1.fastq.gz	2a312166a15a151442a4373daaa5f49904cdc63c0eb84670b70968fc305dd5fb	ATEN30_trim_2.fastq.gz	792b13c3643ebc5fc1bfa5109db2268440f541efc62d00efa86f1de371e5ceba	835	20230426T085852_jquijano	104462	98923	748	98890	745	33	3	0	0	96837	5	0	0	0	0	0	0	0	0	0	coral	Cnidaria	Hexacorallia	Scleractinia	Acroporidae	Acropora	 tenuis	16.29473000	120.01448000	20211113	NoData	73067	5443	12511	3126	0	0	2690	0	0	0	0	0	0	0	0	0	0	0	0	0	0	0	0	0	0	0	0	0	0	0	0	0	0	0	0	0	0	0	0	0
164949	AMIL01	AMILCANA_trim_1.fastq.gz	d86ed866cb9eae9f544dff29743c1b5b2aa8a933d5635c1128570fdc13dd31af	AMILCANA_trim_2.fastq.gz	ee041f046e44088c35236aa1a9f6ad4b15e159b38a86915d6d3106b2f6dac4b4	835	20230426T085852_jquijano	80391	76171	652	76098	648	73	4	0	0	74701	5	0	0	0	0	0	0	0	0	0	coral	Cnidaria	Hexacorallia	Scleractinia	Acroporidae	Acropora	 millepora	16.29466000	120.01467000	20211005	NoData	57000	3659	9842	2428	0	0	1772	0	0	0	0	0	0	0	0	0	0	0	0	0	0	0	0	0	0	0	0	0	0	0	0	0	0	0	0	0	0	0	0	0
164947	ADIG39	ADIG39_trim_1.fastq.gz	c59f138c98ee706b5dd5375ac8bea3bb3a616f70e4dd88d32078804471ccbb76	ADIG39_trim_2.fastq.gz	d08326ddad39c865d07bca93039a6d290dc9f2011466aeb13c9157649ce4e723	835	20230426T085852_jquijano	97616	92745	688	92658	684	87	4	0	0	90233	5	0	0	0	0	0	0	0	0	0	coral	Cnidaria	Hexacorallia	Scleractinia	Acroporidae	Acropora	 digitifera	16.31042000	120.02948000	20211027	NoData	71446	4619	7635	3398	0	0	3135	0	0	0	0	0	0	0	0	0	0	0	0	0	0	0	0	0	0	0	0	0	0	0	0	0	0	0	0	0	0	0	0	0
164946	ADIG38	ADIG38_trim_1.fastq.gz	c95ab36e3ba3167d4a1e5152353ccf511b1faadb803baef39bf726f8fef6d041	ADIG38_trim_2.fastq.gz	319ae81cd2ec853fba5b1194ff62e69e20e21ba5658185a2be26d062b0f69bc4	835	20230426T085852_jquijano	94754	89758	680	89699	675	59	5	0	0	87653	5	0	0	0	0	0	0	0	0	0	coral	Cnidaria	Hexacorallia	Scleractinia	Acroporidae	Acropora	 digitifera	16.31042000	120.02948000	20211027	NoData	68999	4584	8036	3253	0	0	2781	0	0	0	0	0	0	0	0	0	0	0	0	0	0	0	0	0	0	0	0	0	0	0	0	0	0	0	0	0	0	0	0	0
164936	ADIG28	ADIG28_trim_1.fastq.gz	aaf1e96cd629c1985757cf68079ee56d60a2cc332e089dc8a01ffc0307d3f864	ADIG28_trim_2.fastq.gz	bd89f755768df2eb3738e4ef510a0eec0bbe1baf3d29ac1d82e5b1453d23b17d	835	20230426T085852_jquijano	96703	91811	704	91736	699	75	5	0	0	89723	5	0	0	0	0	0	0	0	0	0	coral	Cnidaria	Hexacorallia	Scleractinia	Acroporidae	Acropora	 digitifera	16.31042000	120.02948000	20211027	NoData	69470	4960	9292	3406	0	0	2595	0	0	0	0	0	0	0	0	0	0	0	0	0	0	0	0	0	0	0	0	0	0	0	0	0	0	0	0	0	0	0	0	0
164957	AMIL09	AMILCANI_trim_1.fastq.gz	78958aee5882fd8aac9ffc7e2bc86dbf70632ae20bfb5a763f315bd235bdd998	AMILCANI_trim_2.fastq.gz	7e9fad2cb050cabe5cdb97f3cb4d5cb949fa5ed8eca7e09651ee4b2cfa7acbd8	835	20230426T085852_jquijano	89037	84120	726	84001	721	119	5	0	0	81710	6	0	0	0	0	0	0	0	0	0	coral	Cnidaria	Hexacorallia	Scleractinia	Acroporidae	Acropora	 millepora	16.29466000	120.01467000	20211005	NoData	60322	4134	11441	3262	0	0	2178	0	0	373	0	0	0	0	0	0	0	0	0	0	0	0	0	0	0	0	0	0	0	0	0	0	0	0	0	0	0	0	0	0
164993	ATEN15	ATEN15_trim_1.fastq.gz	c0ded0c36a2a0fc5fc420d6118363fa597440afa5f963e2f7be45f9b94d164ef	ATEN15_trim_2.fastq.gz	87e41500496f88d35e931970e80a4de84d2aa467c8eabfd50f939441d93d3c00	835	20230426T085852_jquijano	100725	95775	680	95767	679	8	1	0	0	94326	7	0	0	0	0	0	0	0	0	0	coral	Cnidaria	Hexacorallia	Scleractinia	Acroporidae	Acropora	 tenuis	16.29473000	120.01448000	20211113	NoData	71806	4744	11473	2686	612	0	2990	0	0	0	0	0	0	0	0	0	0	0	0	0	0	0	0	0	0	0	0	0	0	0	0	0	0	15	0	0	0	0	0	0
164989	ATEN11	ATEN11_trim_1.fastq.gz	7628b731cf64af7ed602a0ea0a058256936ec1142a54582203fc339e3f391bfe	ATEN11_trim_2.fastq.gz	c7b42bcf7c08849eb1be73ed7e3cdb8f0773b9e566b1015df8577e0aab08aa15	835	20230426T085852_jquijano	99230	93974	731	93868	726	106	5	0	0	92296	7	0	0	0	0	0	0	0	0	0	coral	Cnidaria	Hexacorallia	Scleractinia	Acroporidae	Acropora	 tenuis	16.29473000	120.01448000	20211113	NoData	70937	5035	8970	3688	597	0	3048	0	0	0	0	0	0	0	0	0	0	0	0	0	0	0	0	0	0	0	0	0	0	0	0	0	0	21	0	0	0	0	0	0
164971	AMIL23	AMILMAGH_trim_1.fastq.gz	90c56bdaaeaf6ce6ae36ffe96eadd463c8523fa2ebbdb5ef539ec61198602ab1	AMILMAGH_trim_2.fastq.gz	e956b86b238b18f53feaaa761a1afc13ef5193877ea976a906e4a30b944660d5	835	20230426T085852_jquijano	107916	102396	772	102253	765	143	7	0	0	100651	6	0	0	0	0	0	0	0	0	0	coral	Cnidaria	Hexacorallia	Scleractinia	Acroporidae	Acropora	 millepora	16.31487000	120.03128000	20211005	NoData	74691	5452	13576	3668	687	0	2577	0	0	0	0	0	0	0	0	0	0	0	0	0	0	0	0	0	0	0	0	0	0	0	0	0	0	0	0	0	0	0	0	0
164990	ATEN12	ATEN12_trim_1.fastq.gz	f8b4c2935e7d38c5b3b51aee265e4bfdadc52fdaec35ccf872f63a4c17c2cae3	ATEN12_trim_2.fastq.gz	92d5a44f84a1b0ecde77c0f4e9c25d74357a40c1ea79f0246bdbce9f43edd398	835	20230426T085852_jquijano	76106	71465	639	71438	636	27	3	0	0	70288	11	0	0	0	0	0	0	0	0	0	coral	Cnidaria	Hexacorallia	Scleractinia	Acroporidae	Acropora	 tenuis	16.29473000	120.01448000	20211113	NoData	53006	3889	8484	2472	429	0	1955	0	0	0	0	0	0	0	0	0	0	0	0	0	0	0	0	0	0	0	0	0	0	0	0	0	0	25	7	4	9	8	0	0
164934	ADIG26	ADIG26_trim_1.fastq.gz	fdfb2b3710607e614c486e480eaf5f8242d4367285d7fd9247ea1888d33edabd	ADIG26_trim_2.fastq.gz	1e8d0fe6570343bc1880f703f563589211280d0e76b543eb77c24de433870658	835	20230426T085852_jquijano	92345	87664	668	87605	665	59	3	0	0	86328	6	0	0	0	0	0	0	0	0	0	coral	Cnidaria	Hexacorallia	Scleractinia	Acroporidae	Acropora	 digitifera	16.31042000	120.02948000	20211027	NoData	67973	4980	7052	3086	606	0	2631	0	0	0	0	0	0	0	0	0	0	0	0	0	0	0	0	0	0	0	0	0	0	0	0	0	0	0	0	0	0	0	0	0
164997	ATEN19	ATEN19_trim_1.fastq.gz	6a8f3309734fe521e54102ce26a47f382d850b1abc593f1b4ec3ff3325968f33	ATEN19_trim_2.fastq.gz	b91896a13b8c2a17778d9ac761807c98cc21fc0f4fda27b7eb8429f03e0879e0	835	20230426T085852_jquijano	107857	102701	748	102701	748	0	0	0	0	101055	6	0	0	0	0	0	0	0	0	0	coral	Cnidaria	Hexacorallia	Scleractinia	Acroporidae	Acropora	 tenuis	16.29473000	120.01448000	20211113	NoData	71194	6100	15648	3522	778	0	3813	0	0	0	0	0	0	0	0	0	0	0	0	0	0	0	0	0	0	0	0	0	0	0	0	0	0	0	0	0	0	0	0	0
164976	AMIL28	AMILMAGM_trim_1.fastq.gz	0db405bf4d869e009a7c765c9c04f7d116732c77d31b8d5c40cf5a5513dc71fc	AMILMAGM_trim_2.fastq.gz	cfe5e8d802f42e6e1d445b18c77293d654ef7bef3910e1f64f1c9929894a82a3	835	20230426T085852_jquijano	88444	83459	700	83354	695	105	5	0	0	81821	7	0	0	0	0	0	0	0	0	0	coral	Cnidaria	Hexacorallia	Scleractinia	Acroporidae	Acropora	 millepora	16.31487000	120.03128000	20211005	NoData	59976	4190	11184	3475	504	0	2111	0	0	381	0	0	0	0	0	0	0	0	0	0	0	0	0	0	0	0	0	0	0	0	0	0	0	0	0	0	0	0	0	0
165001	ATEN23	ATEN23_trim_1.fastq.gz	279f1a790f0bf782eae3fbfd101b36e506fc5fbe0e6329d7c0ba625a4a57f22b	ATEN23_trim_2.fastq.gz	4a90f6a7677ae9a73d78e6e379bd44b66d486f9c754821cb1368e85d834b65dd	835	20230426T085852_jquijano	103632	98583	635	98533	632	50	3	0	0	96490	7	0	0	0	0	0	0	0	0	0	coral	Cnidaria	Hexacorallia	Scleractinia	Acroporidae	Acropora	 tenuis	16.29473000	120.01448000	20211113	NoData	82039	4585	2227	3527	642	0	3062	0	0	408	0	0	0	0	0	0	0	0	0	0	0	0	0	0	0	0	0	0	0	0	0	0	0	0	0	0	0	0	0	0
164910	ADIG02	ADIG02_trim_1.fastq.gz	56f7811fdb339d3cda255a126a848654e40cbf300c0464caa2c8f572ef0d8c9a	ADIG02_trim_2.fastq.gz	69e88e509fd05eecada249876d6cc855e1918bed43fed5bf039ef2ec7e1cf168	835	20230426T085852_jquijano	99947	94714	711	94675	708	39	3	0	0	92974	7	0	0	0	0	0	0	0	0	0	coral	Cnidaria	Hexacorallia	Scleractinia	Acroporidae	Acropora	 digitifera	16.31042000	120.02948000	20211027	NoData	72400	4886	8112	3605	690	0	2857	0	0	424	0	0	0	0	0	0	0	0	0	0	0	0	0	0	0	0	0	0	0	0	0	0	0	0	0	0	0	0	0	0
164979	ATEN01	ATEN01_trim_1.fastq.gz	54eb96aaaf80137c4c8513d0daabe4223705d357f1f82a7040b63d0ee5390889	ATEN01_trim_2.fastq.gz	0e9e757bc570455f8b2700034ee5e57395202e9bfb2da12cc18acc8ec9785c86	835	20230426T085852_jquijano	101198	96180	664	96145	659	35	5	0	0	94496	7	0	0	960	0	0	0	0	0	0	coral	Cnidaria	Hexacorallia	Scleractinia	Acroporidae	Acropora	 tenuis	16.29473000	120.01448000	20211113	NoData	73605	5025	7765	3393	597	0	3151	0	0	0	0	0	0	0	0	0	0	0	0	0	960	0	0	0	0	0	0	0	0	0	0	0	0	0	0	0	0	0	0	0
164938	ADIG30	ADIG30_trim_1.fastq.gz	acb07b6301df9f8f4816648b7ea3f1ff11c8eecf65543248dd3f0c08204718d3	ADIG30_trim_2.fastq.gz	1c909f0d807540ee145e9685aad8fdadad45731ec8d746b1566df58fc6ab072c	835	20230426T085852_jquijano	85159	78369	836	78227	830	142	6	0	0	76099	9	0	0	935	0	0	0	0	0	0	coral	Cnidaria	Hexacorallia	Scleractinia	Acroporidae	Acropora	 digitifera	16.31042000	120.02948000	20211027	NoData	54910	6441	7650	3460	597	0	1670	610	0	436	0	0	0	0	0	0	0	0	0	0	0	0	0	0	0	0	0	0	0	0	0	325	0	0	0	0	0	0	0	0
164914	ADIG06	ADIG6_trim_1.fastq.gz	ac9f8efdcbcb86c1de4b0e583e80323589ee83f1e366448d125b00064671470a	ADIG6_trim_2.fastq.gz	deed9afa56d13314707d60f2f460a64faa5d6c418e1be91abf6795cd5d878e33	835	20230426T085852_jquijano	105035	98987	827	98843	822	144	5	0	0	96631	9	0	0	917	0	0	0	0	0	0	coral	Cnidaria	Hexacorallia	Scleractinia	Acroporidae	Acropora	 digitifera	16.31042000	120.02948000	20211027	NoData	65308	14044	7065	4502	1120	1944	1314	0	917	0	0	417	0	0	0	0	0	0	0	0	0	0	0	0	0	0	0	0	0	0	0	0	0	0	0	0	0	0	0	0
164975	AMIL27	AMILMAGL_trim_1.fastq.gz	aea34232617f49a928007859993084e8a868fdf265e1faea09aade154bcbeabd	AMILMAGL_trim_2.fastq.gz	31b796ed5ed10c52d30d61d1435fca507d83d7fe029d0acfe4c641cf56f75aca	835	20230426T085852_jquijano	66513	61764	632	61628	624	136	8	0	0	59238	11	0	0	1035	0	0	0	0	0	0	coral	Cnidaria	Hexacorallia	Scleractinia	Acroporidae	Acropora	 millepora	16.31487000	120.03128000	20211005	NoData	44194	5802	2495	2430	621	467	1427	595	0	401	0	0	0	0	0	0	366	0	0	0	0	0	0	0	0	0	0	0	440	0	0	0	0	0	0	0	0	0	0	0
164966	AMIL18	AMILMAGC_trim_1.fastq.gz	ce12b381c17052fdf6f4c1dd1681d683c02720dcce3d85c362fb1b7aac75d5e0	AMILMAGC_trim_2.fastq.gz	5363bf1376d4546ba75f316677c90d91a8ed88c9e37cbe67e8df7d50a08a3ae4	835	20230426T085852_jquijano	82215	75230	932	75101	927	129	5	0	0	72740	11	0	0	972	0	0	0	0	0	0	coral	Cnidaria	Hexacorallia	Scleractinia	Acroporidae	Acropora	 millepora	16.31487000	120.03128000	20211005	NoData	46167	11933	5303	3875	1106	1474	780	307	665	502	628	0	0	0	0	0	0	0	0	0	0	0	0	0	0	0	0	0	0	0	0	0	0	0	0	0	0	0	0	0
164973	AMIL25	AMILMAGJ_trim_1.fastq.gz	dcf4b133bb9860431b6e0a6b03a7aa455ebc43e9d881c97b53239b5730c524d8	AMILMAGJ_trim_2.fastq.gz	0974621c632874f682303c95fd39ee0134deda514e12afa6c7d6f0104cd55f7f	835	20230426T085852_jquijano	90587	83060	1047	82876	1043	184	4	0	0	79934	13	0	0	758	0	0	0	0	0	0	coral	Cnidaria	Hexacorallia	Scleractinia	Acroporidae	Acropora	 millepora	16.31487000	120.03128000	20211005	NoData	37941	22119	7140	5947	2031	0	527	0	0	1072	1098	521	0	0	0	0	0	0	0	445	0	422	0	0	0	335	0	0	0	0	0	0	336	0	0	0	0	0	0	0
164941	ADIG33	ADIG33_trim_1.fastq.gz	14d981ad854235d6f214066f473d474d3ec8916bdcd37ba12b0bc5761547bf4a	ADIG33_trim_2.fastq.gz	9e62463ffa38c2cd47978182ef9b47dd935ad574125471b3c822c2354194354f	835	20230426T085852_jquijano	91680	85822	746	85630	737	192	9	0	0	83083	11	0	0	1666	0	0	0	0	0	0	coral	Cnidaria	Hexacorallia	Scleractinia	Acroporidae	Acropora	 digitifera	16.31042000	120.02948000	20211027	NoData	50176	17552	2308	5123	1372	2523	690	0	1666	462	710	501	0	0	0	0	0	0	0	0	0	0	0	0	0	0	0	0	0	0	0	0	0	0	0	0	0	0	0	0
164944	ADIG36	ADIG36_trim_1.fastq.gz	877adc22e9b491cd6ca2f77f99fa09a161481f2b6e83f81fd8b49f3015df891a	ADIG36_trim_2.fastq.gz	55e3278ec5fd0b1022188187e7235edc7e4c45b1b05c624de9981802b3b405df	835	20230426T085852_jquijano	101635	95629	792	95371	783	258	9	0	0	92202	11	0	0	3665	0	0	0	0	0	0	coral	Cnidaria	Hexacorallia	Scleractinia	Acroporidae	Acropora	 digitifera	16.31042000	120.02948000	20211027	NoData	51741	23056	0	5362	1686	4378	0	0	2302	602	919	793	663	700	0	0	0	0	0	0	0	0	0	0	0	0	0	0	0	0	0	0	0	0	0	0	0	0	0	0
164928	ADIG20	ADIG20_trim_1.fastq.gz	924242d6b6fc797fa561b3985f41c5cbb06e200bf887cf40235113e4b504b316	ADIG20_trim_2.fastq.gz	22feba730e74505f3229de5ed5bb5f62657e952c42884193ed9814c5feda0bf7	835	20230426T085852_jquijano	80311	73026	851	72886	845	140	6	0	0	70834	11	0	0	1350	0	0	0	0	0	0	coral	Cnidaria	Hexacorallia	Scleractinia	Acroporidae	Acropora	 digitifera	16.31042000	120.02948000	20211027	NoData	43838	14432	1494	3989	1357	2676	546	0	977	432	720	0	0	373	0	0	0	0	0	0	0	0	0	0	0	0	0	0	0	0	0	0	0	0	0	0	0	0	0	0
164919	ADIG11	ADIG11_trim_1.fastq.gz	28ee5b0ecfbbd5c58af00ee2a0792a5b1e77d19ca13d5e08f97676343f6c6c1f	ADIG11_trim_2.fastq.gz	f4d6dcab107f5f22fd005bdab102b18d1f70e7894960fbcb06116571eb78f36c	835	20230426T085852_jquijano	94191	87994	728	87789	721	205	7	0	0	84634	13	0	0	2582	0	0	0	0	0	0	coral	Cnidaria	Hexacorallia	Scleractinia	Acroporidae	Acropora	 digitifera	16.31042000	120.02948000	20211027	NoData	45346	22240	0	4485	1594	5330	0	0	1362	671	867	708	632	0	588	425	0	0	386	0	0	0	0	0	0	0	0	0	0	0	0	0	0	0	0	0	0	0	0	0
164923	ADIG15	ADIG15_trim_1.fastq.gz	a674e914eda70f3dbce6623e63fff49a2b6753cf12967cbb09f6126335b26135	ADIG15_trim_2.fastq.gz	9ea2dc469ea9999495e4c775673e2ec8fe130fcde483ad4af56e69a1b0d27728	835	20230426T085852_jquijano	84712	79365	692	79079	687	286	5	0	0	75804	12	0	0	2453	0	0	0	0	0	0	coral	Cnidaria	Hexacorallia	Scleractinia	Acroporidae	Acropora	 digitifera	16.31042000	120.02948000	20211027	NoData	43834	17441	839	3692	1345	4112	0	0	1882	486	679	598	0	571	0	325	0	0	0	0	0	0	0	0	0	0	0	0	0	0	0	0	0	0	0	0	0	0	0	0
164918	ADIG10	ADIG10_trim_1.fastq.gz	7238e6ffc793f926ab458b01b93f3cde174dceac6fc568b7d86b59d1525e5921	ADIG10_trim_2.fastq.gz	91fc6d04ab624bb7d9019892be41f926f839616851fafa3e7d5e63d7ce50c886	835	20230426T085852_jquijano	79365	73798	663	73559	657	239	6	0	0	71439	14	0	0	3000	0	0	0	0	0	0	coral	Cnidaria	Hexacorallia	Scleractinia	Acroporidae	Acropora	 digitifera	16.31042000	120.02948000	20211027	NoData	38704	17738	0	4054	1244	4261	0	0	1375	377	749	658	583	481	561	311	0	0	343	0	0	0	0	0	0	0	0	0	0	0	0	0	0	0	0	0	0	0	0	0
164942	ADIG34	ADIG34_trim_1.fastq.gz	0c23a2cfd2697f1a902f8693c9df3e8e904186f3b03e236beede349cf291d5ac	ADIG34_trim_2.fastq.gz	d6d5b927f82346f4f282cb1d3fdddb3ae721ac90138c605c1883e6c02ef6eaf0	835	20230426T085852_jquijano	99698	93785	775	93478	767	307	8	0	0	91710	14	0	0	3641	0	0	0	0	0	0	coral	Cnidaria	Hexacorallia	Scleractinia	Acroporidae	Acropora	 digitifera	16.31042000	120.02948000	20211027	NoData	50543	23142	0	5281	1580	3879	0	0	2122	546	907	848	760	759	0	0	0	0	376	0	0	0	0	568	0	399	0	0	0	0	0	0	0	0	0	0	0	0	0	0
164948	ADIG40	ADIG40_trim_1.fastq.gz	500984d975b3658f0b8f68cafd02fee745ed5b9b4309903809acb86c44e1197b	ADIG40_trim_2.fastq.gz	ec8ddbc0b257a99d1c6772187a8deb75021b0e742d0efaaeb952580251321d6b	835	20230426T085852_jquijano	78664	71882	862	71639	857	243	5	0	0	68767	13	0	0	2406	0	0	0	0	0	0	coral	Cnidaria	Hexacorallia	Scleractinia	Acroporidae	Acropora	 digitifera	16.31042000	120.02948000	20211027	NoData	36389	18121	0	3554	1620	4047	0	0	1504	557	783	483	466	436	0	355	452	0	0	0	0	0	0	0	0	0	0	0	0	0	0	0	0	0	0	0	0	0	0	0
164970	AMIL22	MAILMAGG_trim_1.fastq.gz	f3757e2dfb83312c6059d21a00398dcf37d27f763c1b5f301fc0b083efb3b23e	MAILMAGG_trim_2.fastq.gz	d634b813784fa03355ef6caa323c2212bb48314e6b137215bd1674b891246d7a	835	20230426T085852_jquijano	75520	67252	902	67130	898	122	4	0	0	64416	13	0	0	1774	0	0	0	0	0	0	coral	Cnidaria	Hexacorallia	Scleractinia	Acroporidae	Acropora	 millepora	16.31487000	120.03128000	20211005	NoData	35732	16454	562	3155	1549	2775	0	0	1376	605	695	508	398	0	0	327	0	0	0	280	0	0	0	0	0	0	0	0	0	0	0	0	0	0	0	0	0	0	0	0
164909	ADIG01	ADIG01_trim_1.fastq.gz	dba5ae87b2d2a7c2ccd6ce20d68ebd8ac44484db37e805d57eb2495fbcf3bdfe	ADIG01_trim_2.fastq.gz	def32cd9279f3a72471f79a6cd1985cc7e1940afee5cb9b0a50b00b9c015000a	835	20230426T085852_jquijano	97242	91587	747	91355	739	232	8	0	0	88026	13	0	0	2852	0	0	0	0	0	0	coral	Cnidaria	Hexacorallia	Scleractinia	Acroporidae	Acropora	 digitifera	16.31042000	120.02948000	20211027	NoData	53177	17691	2390	3849	1468	4508	0	0	1737	462	659	592	581	534	0	378	0	0	0	0	0	0	0	0	0	0	0	0	0	0	0	0	0	0	0	0	0	0	0	0
164929	ADIG21	ADIG21_trim_1.fastq.gz	2625801482db816a325dac6bbc89f7cb3b802e07535a470d179164a8292c5139	ADIG21_trim_2.fastq.gz	75774e2eaf139f32bd9e95f40b36a857f0cc7118bf6cbfde772a9ed4961a1f4d	835	20230426T085852_jquijano	69527	62308	822	62174	818	134	4	0	0	60046	14	0	0	1835	0	0	0	0	0	0	coral	Cnidaria	Hexacorallia	Scleractinia	Acroporidae	Acropora	 digitifera	16.31042000	120.02948000	20211027	NoData	30533	16812	0	3272	1494	3405	0	0	1036	402	733	469	0	376	423	319	365	0	0	0	0	0	0	407	0	0	0	0	0	0	0	0	0	0	0	0	0	0	0	0
164911	ADIG03	ADIG03_trim_1.fastq.gz	6b2a35a01021f2c9d2349b73548f848e7e169b7b938036abb9b350a2ccde6130	ADIG03_trim_2.fastq.gz	dd282372a3403286ef97ef9497666603afaadb987e211e3c56e8557e90ad1105	835	20230426T085852_jquijano	105213	98894	777	98571	770	323	7	0	0	96273	15	0	0	3679	0	0	0	0	0	0	coral	Cnidaria	Hexacorallia	Scleractinia	Acroporidae	Acropora	 digitifera	16.31042000	120.02948000	20211027	NoData	48921	26571	0	6101	2247	4495	0	0	1746	1046	1080	712	746	557	630	560	0	0	453	408	0	0	0	0	0	0	0	0	0	0	0	0	0	0	0	0	0	0	0	0
164916	ADIG08	ADIG8_trim_1.fastq.gz	ae983a008720d5ddea3356d4f83c2ad2602ef855691362580f8450592b9d8c08	ADIG8_trim_2.fastq.gz	ed44e4981776da681b2bb0be80e8c09838c2511dff05f29fa6b07ae3f5af9595	835	20230426T085852_jquijano	79406	74087	662	73877	657	210	5	0	0	71305	12	0	0	2104	0	0	0	0	0	0	coral	Cnidaria	Hexacorallia	Scleractinia	Acroporidae	Acropora	 digitifera	16.31042000	120.02948000	20211027	NoData	36778	21113	0	4365	2134	2256	0	0	1400	594	524	697	0	0	704	330	0	0	0	0	0	0	0	410	0	0	0	0	0	0	0	0	0	0	0	0	0	0	0	0
164935	ADIG27	ADIG27_trim_1.fastq.gz	ec949d6f0b103f7c3e077cd5f4057e4a91d14178b28b8d5fb899cab6f4dafbcc	ADIG27_trim_2.fastq.gz	28968e778c66e7b42df628fbefd60efe9cdeb0b0c57361e511eacac72aa97005	835	20230426T085852_jquijano	71036	61856	883	61704	879	152	4	0	0	58654	16	0	0	3196	0	0	0	0	0	0	coral	Cnidaria	Hexacorallia	Scleractinia	Acroporidae	Acropora	 digitifera	16.31042000	120.02948000	20211027	NoData	30315	17808	0	2866	1663	0	0	0	380	665	771	453	515	0	500	257	0	0	0	362	0	248	0	0	1096	298	457	0	0	0	0	0	0	0	0	0	0	0	0	0
164931	ADIG23	ADIG23_trim_1.fastq.gz	99eb76a2f839a48c3a1fd270130c4e4a01326a66403385fe14219ca235bffbd5	ADIG23_trim_2.fastq.gz	58d5b6e594a8f5004f1bcc345a1520aa27f805ea1f756e46a1f3154a744ebac0	835	20230426T085852_jquijano	105876	99420	763	99376	761	44	2	0	0	95768	15	0	0	3177	0	0	0	0	0	0	coral	Cnidaria	Hexacorallia	Scleractinia	Acroporidae	Acropora	 digitifera	16.31042000	120.02948000	20211027	NoData	41074	35761	1280	6698	2616	0	0	0	0	662	1396	883	683	0	1432	0	1037	0	509	0	0	652	675	0	0	0	0	0	0	0	410	0	0	0	0	0	0	0	0	0
164921	ADIG13	ADIG13_trim_1.fastq.gz	8008b4093fbb20e67e4cab5d73560a33ff1bec3d0481636f44fb5b3fa19a70e5	ADIG13_trim_2.fastq.gz	97e0c118a2c492ef45b82f888620f77d7b96d2599d7e01cd066ad2c5b01509ec	835	20230426T085852_jquijano	75413	69770	679	69558	673	212	6	0	0	66971	15	0	0	1998	0	0	0	0	0	0	coral	Cnidaria	Hexacorallia	Scleractinia	Acroporidae	Acropora	 digitifera	16.31042000	120.02948000	20211027	NoData	33229	20501	0	4239	1484	1563	0	0	1471	608	778	677	0	527	0	400	435	0	323	285	0	0	0	451	0	0	0	0	0	0	0	0	0	0	0	0	0	0	0	0
164972	AMIL24	AMILMAGI_trim_1.fastq.gz	b881f35905ef1c062b5c448f691ee80019c77b55b217bff7e9b1043491945d56	AMILMAGI_trim_2.fastq.gz	fedcb1ac4fecb4fd7c2b88bec7d94736c4c43d18d8fe1be6090fbe8f50633aba	835	20230426T085852_jquijano	71635	65065	807	64845	801	220	6	0	0	62054	19	0	0	2303	0	0	0	0	0	0	coral	Cnidaria	Hexacorallia	Scleractinia	Acroporidae	Acropora	 millepora	16.31487000	120.03128000	20211005	NoData	27609	20069	0	4855	1947	386	0	0	598	822	1123	679	396	0	595	379	529	0	308	347	0	415	371	0	299	327	0	0	0	0	0	0	0	0	0	0	0	0	0	0
164930	ADIG22	ADIG22_trim_1.fastq.gz	1e4ff06b7796a2fda1c32f49901e6d34f439d67f71450b43909d41b1386ba0b2	ADIG22_trim_2.fastq.gz	a0484421c4f3389926b14c90ecfe515fb4ed39d38671eed8578a7a69ad0a0a89	835	20230426T085852_jquijano	97318	88845	1057	88549	1052	296	5	0	0	85812	19	0	0	3237	5	0	0	0	0	0	coral	Cnidaria	Hexacorallia	Scleractinia	Acroporidae	Acropora	 digitifera	16.31042000	120.02948000	20211027	NoData	38731	27975	0	5951	2555	1785	0	0	1475	1146	1161	770	0	538	0	494	736	0	363	381	0	395	522	0	0	0	0	433	0	396	0	0	0	0	0	0	0	0	5	0
164917	ADIG09	ADIG9_trim_1.fastq.gz	41a744a7aa542a4f079a0ac5683cec3bebce78f3a97429570bdb6554fed3f9af	ADIG9_trim_2.fastq.gz	672200f2e22201808fa348b80693fd1cfd157b9b6d33b5279f234fa2ebe2bf46	835	20230426T085852_jquijano	74036	66233	877	66008	871	225	6	0	0	62567	18	0	0	2967	0	0	0	0	0	0	coral	Cnidaria	Hexacorallia	Scleractinia	Acroporidae	Acropora	 digitifera	16.31042000	120.02948000	20211027	NoData	26717	21330	0	4494	1967	1485	0	0	1192	634	836	553	397	340	444	407	498	0	0	0	0	0	409	0	0	270	327	267	0	0	0	0	0	0	0	0	0	0	0	0
seq_accession																																							1330	32	142	20866	20932	110235	353134	22573	21841	1010	80	25877	21495	375675	101771	20887	22261	3176982	4558	20886	103089	25878	21902	1707	376531	141	374292	9772	25305	22875	113196	101112	374365	853	7277	854	10403	2308	2450882	2582
