sample_uid	C3u	C3	C3xu	C115	C21ab	C3xt	C3xv	22573_C	21841_C	C3ge	C3b	C3bn	21495_C	375675_C	101771_C	C115g	C115a	3176982_C	C3ro	C18a	103089_C	25878_C	C115e	C3kv	376531_C	C3gj	374292_C	9772_C	25305_C	22875_C	113196_C	101112_C	374365_C	D1	D1bj	D4	D2.2	D1c	2450882_D	D17d
164986	0.8094407590810468	0.045698506130160806	0.1043217374152626	0.03394686847924258	0	0	0	0.006592128894287168	0	0	0	0	0	0	0	0	0	0	0	0	0	0	0	0	0	0	0	0	0	0	0	0	0	0	0	0	0	0	0	0
164992	0.8634935826646053	0.04608702054038136	0.05234484281822867	0.03125230066995509	0	0	0	0.006822253306829616	0	0	0	0	0	0	0	0	0	0	0	0	0	0	0	0	0	0	0	0	0	0	0	0	0	0	0	0	0	0	0	0
164988	0.7727008693426273	0.05096927272548267	0.13308916915261246	0.035827155388841306	0	0	0	0.007413533390436247	0	0	0	0	0	0	0	0	0	0	0	0	0	0	0	0	0	0	0	0	0	0	0	0	0	0	0	0	0	0	0	0
165006	0.7623700241287154	0.05760595535646661	0.13692775451466657	0.03528418865842179	0	0	0	0.007812077341729694	0	0	0	0	0	0	0	0	0	0	0	0	0	0	0	0	0	0	0	0	0	0	0	0	0	0	0	0	0	0	0	0
164965	0.7518835095780263	0.06437154408369652	0.13626586483777606	0.03966350214534275	0	0	0	0.007815579355158395	0	0	0	0	0	0	0	0	0	0	0	0	0	0	0	0	0	0	0	0	0	0	0	0	0	0	0	0	0	0	0	0
164953	0.723959967212783	0.05287444722168814	0.18062315951385868	0.03434562179337981	0	0	0	0.00819680425829041	0	0	0	0	0	0	0	0	0	0	0	0	0	0	0	0	0	0	0	0	0	0	0	0	0	0	0	0	0	0	0	0
165003	0.7710336272207701	0.058969474103938685	0.12582517389570688	0.035886757343493864	0	0	0	0.008284967436090558	0	0	0	0	0	0	0	0	0	0	0	0	0	0	0	0	0	0	0	0	0	0	0	0	0	0	0	0	0	0	0	0
164987	0.7754390322146678	0.04874111328428177	0.13351546573116843	0.033932507528484056	0	0	0	0.008371881241397866	0	0	0	0	0	0	0	0	0	0	0	0	0	0	0	0	0	0	0	0	0	0	0	0	0	0	0	0	0	0	0	0
164926	0.74242596988008	0.052414465024201655	0.1596169193934557	0.03716793980161897	0	0	0	0.00837470590064365	0	0	0	0	0	0	0	0	0	0	0	0	0	0	0	0	0	0	0	0	0	0	0	0	0	0	0	0	0	0	0	0
164983	0.7969588652482269	0.0527886524822695	0.10659858156028369	0.03513191489361702	0	0	0	0.008521985815602836	0	0	0	0	0	0	0	0	0	0	0	0	0	0	0	0	0	0	0	0	0	0	0	0	0	0	0	0	0	0	0	0
164955	0.723297323265296	0.053707148224338204	0.1805471723679186	0.03388723962503541	0	0	0	0.008474889444574469	0	0	0	0	0	0	0	0	0	0	0	0	0	0	0	0	0	0	0	0	0	0	0	0	0	8.622707283724024e-05	0	0	0	0	0	0
164999	0.7704923568743105	0.05669871001148157	0.1255994056597402	0.03851955244377406	0	0	0	0.008689975010693622	0	0	0	0	0	0	0	0	0	0	0	0	0	0	0	0	0	0	0	0	0	0	0	0	0	0	0	0	0	0	0	0
165007	0.7698646380802122	0.05478791289405192	0.1300358754308569	0.03618695420606767	0	0	0	0.009124619388811287	0	0	0	0	0	0	0	0	0	0	0	0	0	0	0	0	0	0	0	0	0	0	0	0	0	0	0	0	0	0	0	0
164922	0.8187113366233405	0.05618961562521721	0.08047542920692291	0.035156738722457774	0	0	0	0.009466879822061583	0	0	0	0	0	0	0	0	0	0	0	0	0	0	0	0	0	0	0	0	0	0	0	0	0	0	0	0	0	0	0	0
164981	0.7940346433450672	0.0540392305467745	0.10329181583382363	0.03899121451151288	0	0	0	0.009643095762821727	0	0	0	0	0	0	0	0	0	0	0	0	0	0	0	0	0	0	0	0	0	0	0	0	0	0	0	0	0	0	0	0
164937	0.8199320719997651	0.0474615090978496	0.08269793573267298	0.03686121741854023	0	0	0	0.008613348732956825	0	0.004433917018215275	0	0	0	0	0	0	0	0	0	0	0	0	0	0	0	0	0	0	0	0	0	0	0	0	0	0	0	0	0	0
164952	0.7150418413428077	0.05697544552532332	0.1781615707094414	0.036257101697933024	0.006620158301095806	0	0	0.00694388242339878	0	0	0	0	0	0	0	0	0	0	0	0	0	0	0	0	0	0	0	0	0	0	0	0	0	0	0	0	0	0	0	0
164940	0.7722513089005235	0.049277129938124706	0.12965552118039028	0.03483460257020467	0.005875178486435031	0	0	0.008106258924321751	0	0	0	0	0	0	0	0	0	0	0	0	0	0	0	0	0	0	0	0	0	0	0	0	0	0	0	0	0	0	0	0
164980	0.7425547596563558	0.057500518230186336	0.14570329594398507	0.03999585415850934	0.006483635442338254	0	0	0.007761936568625193	0	0	0	0	0	0	0	0	0	0	0	0	0	0	0	0	0	0	0	0	0	0	0	0	0	0	0	0	0	0	0	0
165000	0.7584276200943946	0.05471002780112497	0.1364324044740415	0.03618025473588931	0.006969677377642723	0	0	0.007280015516906963	0	0	0	0	0	0	0	0	0	0	0	0	0	0	0	0	0	0	0	0	0	0	0	0	0	0	0	0	0	0	0	0
165005	0.7784408952085315	0.057587743453662445	0.11153056626445702	0.037500625844890605	0.007009462774745907	0	0	0.007930706453712511	0	0	0	0	0	0	0	0	0	0	0	0	0	0	0	0	0	0	0	0	0	0	0	0	0	0	0	0	0	0	0	0
164956	0.7749988894318334	0.05607258673537382	0.11652081204744347	0.03737061880858247	0.007640708986717605	0	0	0.007396383990049309	0	0	0	0	0	0	0	0	0	0	0	0	0	0	0	0	0	0	0	0	0	0	0	0	0	0	0	0	0	0	0	0
164982	0.7535590436210987	0.053397061507574374	0.1414149479832086	0.036354718014236176	0.006376619821135244	0	0	0.008897609052746851	0	0	0	0	0	0	0	0	0	0	0	0	0	0	0	0	0	0	0	0	0	0	0	0	0	0	0	0	0	0	0	0
164985	0.7671785184733817	0.05539983344504702	0.12297645887920704	0.039130258160177116	0.006357524424674507	0	0	0.008906627668433774	0	0	0	0	0	0	0	0	0	0	0	0	0	0	0	0	0	0	0	0	0	0	0	0	0	0	0	5.0778949078869864e-05	0	0	0	0
165004	0.7746689839694482	0.055420887740401104	0.1130028127787052	0.04139129639369755	0.006483111893708981	0	0	0.008552676713393858	0	0	0	0	0	0	0	0	0	0	0	0	0	0	0	0	0	0	0	0	0	0	0	0	0	0.00030871961398614193	0.00012577465754990967	0	0	0	0	4.5736239109058065e-05
164998	0.7591161808756397	0.04982812171856175	0.13970222502238286	0.035812580827005336	0.006830918194780648	0	0	0.008709973361629694	0	0	0	0	0	0	0	0	0	0	0	0	0	0	0	0	0	0	0	0	0	0	0	0	0	0	0	0	0	0	0	0
164927	0.7819509708307474	0.05745190176434081	0.10635916304636936	0.03836776309956556	0.006882259065519993	0	0	0.008987942193456867	0	0	0	0	0	0	0	0	0	0	0	0	0	0	0	0	0	0	0	0	0	0	0	0	0	0	0	0	0	0	0	0
164959	0.8012357232250572	0.04951912777784041	0.10208246423054806	0.031253875728636984	0.0074413989830088055	0	0	0.008467410054908505	0	0	0	0	0	0	0	0	0	0	0	0	0	0	0	0	0	0	0	0	0	0	0	0	0	0	0	0	0	0	0	0
164994	0.7496877697111235	0.053622379042493784	0.13912778595725236	0.041630705183530486	0.007219373508656141	0	0	0.008711986596943697	0	0	0	0	0	0	0	0	0	0	0	0	0	0	0	0	0	0	0	0	0	0	0	0	0	0	0	0	0	0	0	0
164991	0.7528016666831229	0.055776617067704065	0.13601042664323304	0.03944549215533329	0.0070498326405276516	0	0	0.008915964810079089	0	0	0	0	0	0	0	0	0	0	0	0	0	0	0	0	0	0	0	0	0	0	0	0	0	0	0	0	0	0	0	0
164996	0.7429854990048337	0.05503554165481945	0.15119704293431901	0.03481376172874609	0.007483650838783054	0	0	0.008484503838498721	0	0	0	0	0	0	0	0	0	0	0	0	0	0	0	0	0	0	0	0	0	0	0	0	0	0	0	0	0	0	0	0
164967	0.7200300587511955	0.0588058477934144	0.16390217242792732	0.04093455390080612	0.007719633829758163	0	0	0.008607733296898483	0	0	0	0	0	0	0	0	0	0	0	0	0	0	0	0	0	0	0	0	0	0	0	0	0	0	0	0	0	0	0	0
164932	0.8007420656981944	0.0589664257571729	0.08162722680138261	0.042143047061951606	0.007263542094704019	0	0	0.009257692586594474	0	0	0	0	0	0	0	0	0	0	0	0	0	0	0	0	0	0	0	0	0	0	0	0	0	0	0	0	0	0	0	0
164924	0.7484664287307606	0.05626812402409101	0.14232935534240465	0.03635958063796565	0.008378875752844078	0	0	0.008197635511933973	0	0	0	0	0	0	0	0	0	0	0	0	0	0	0	0	0	0	0	0	0	0	0	0	0	0	0	0	0	0	0	0
164962	0.7708576787131213	0.11664141960614585	0.06913366515184304	0.026473346317535888	0.011671355406477674	0	0	0	0	0.00522253480487629	0	0	0	0	0	0	0	0	0	0	0	0	0	0	0	0	0	0	0	0	0	0	0	0	0	0	0	0	0	0
164925	0.8206941777132418	0.06780177057473417	0.05447561946695396	0.039615438662232424	0.007190032320014989	0	0	0.010222961262822615	0	0	0	0	0	0	0	0	0	0	0	0	0	0	0	0	0	0	0	0	0	0	0	0	0	0	0	0	0	0	0	0
164995	0.7882308372269226	0.05191627730774088	0.10547417603232731	0.03570526581639096	0	0	0	0	0	0	0	0	0	0	0	0	0	0	0	0	0.018578734688723324	0	0	0	0	0	0	0	0	0	0	0	0	9.470892789493624e-05	0	0	0	0	0	0
164954	0.7368098159509202	0.055097245790366796	0.15034590784492885	0.03891136927294087	0.006892050646129748	0	0	0.0076099725884349306	0	0.0043336379062785535	0	0	0	0	0	0	0	0	0	0	0	0	0	0	0	0	0	0	0	0	0	0	0	0	0	0	0	0	0	0
164950	0.754064791835917	0.05685700613196523	0.13194297606196512	0.03782676919995103	0.007089041477013477	0	0	0.00803498892685044	0	0.004184426366337625	0	0	0	0	0	0	0	0	0	0	0	0	0	0	0	0	0	0	0	0	0	0	0	0	0	0	0	0	0	0
164984	0.7736623916272658	0.05476645857807206	0.11706682459393598	0.03508703798992243	0	0	0	0	0	0	0	0	0	0	0	0	0	0.01941728721080378	0	0	0	0	0	0	0	0	0	0	0	0	0	0	0	0	0	0	0	0	0	0
164920	0.7857166107874093	0.06907327235441554	0.0796035285309723	0.04596204550633117	0.009960613261287067	0	0	0.009683929559584649	0	0	0	0	0	0	0	0	0	0	0	0	0	0	0	0	0	0	0	0	0	0	0	0	0	0	0	0	0	0	0	0
164939	0.7873446327683615	0.07794099183929692	0.07634651600753296	0.03853107344632768	0.008336472065285625	0	0	0.0068926553672316385	0	0.004607658505963591	0	0	0	0	0	0	0	0	0	0	0	0	0	0	0	0	0	0	0	0	0	0	0	0	0	0	0	0	0	0
164964	0.7156473606048332	0.055704063723504796	0.1685432698798434	0.039624679357364655	0.007303901714594303	0	0	0.008248953692453084	0	0.004927771027406508	0	0	0	0	0	0	0	0	0	0	0	0	0	0	0	0	0	0	0	0	0	0	0	0	0	0	0	0	0	0
164969	0.6928204320343422	0.05433905046964536	0.18443179804265206	0.04781127542681606	0.007029911584585393	0	0	0.007640352086328102	0	0.0059271803556308214	0	0	0	0	0	0	0	0	0	0	0	0	0	0	0	0	0	0	0	0	0	0	0	0	0	0	0	0	0	0
164963	0.7385439951229424	0.0536222312538102	0.14304765291607396	0.043830014224751065	0.008052225157488315	0	0	0.007976021133915871	0	0.004927860191018086	0	0	0	0	0	0	0	0	0	0	0	0	0	0	0	0	0	0	0	0	0	0	0	0	0	0	0	0	0	0
164913	0.8057681538174352	0.054391450438678365	0.07648870636550308	0.04224612656337502	0.00679018107149524	0	0	0.00910024267313795	0	0.00521513907037521	0	0	0	0	0	0	0	0	0	0	0	0	0	0	0	0	0	0	0	0	0	0	0	0	0	0	0	0	0	0
164978	0.7662267169466347	0.06739229802308308	0.10254542338018512	0.042623700148554454	0.008099074391498115	0	0	0.007584847446006171	0	0.005527939664038395	0	0	0	0	0	0	0	0	0	0	0	0	0	0	0	0	0	0	0	0	0	0	0	0	0	0	0	0	0	0
164968	0.7590034572035409	0.05764072988853232	0.12450583693781685	0.03733159697998543	0.00767406167155016	0	0	0.009038339302047966	0	0.004805978016526363	0	0	0	0	0	0	0	0	0	0	0	0	0	0	0	0	0	0	0	0	0	0	0	0	0	0	0	0	0	0
164915	0.7313679592738701	0.05097313843282971	0.15070959715833757	0.045407670524299816	0.007055049025224665	0	0	0.009264867165376242	0	0.005221718420061875	0	0	0	0	0	0	0	0	0	0	0	0	0	0	0	0	0	0	0	0	0	0	0	0	0	0	0	0	0	0
164951	0.7627559464699485	0.055799877051118364	0.11914219511041756	0.04073863905045633	0.00710502671773774	0	0	0.009067480020806734	0	0.005390835579514825	0	0	0	0	0	0	0	0	0	0	0	0	0	0	0	0	0	0	0	0	0	0	0	0	0	0	0	0	0	0
164933	0.7986685666886445	0.05596911755322543	0.08385264904183592	0.039921730437926704	0.007135716868366761	0	0	0.010092094348852543	0	0.0043601250611480956	0	0	0	0	0	0	0	0	0	0	0	0	0	0	0	0	0	0	0	0	0	0	0	0	0	0	0	0	0	0
164961	0.7039876497985242	0.08878015594745932	0.1386911926317442	0.04592077031765137	0.008857083049871789	0	0	0.0071170652572086456	0	0.006279763462242923	0	0	0	0	0	0	0	0	0	0	0	0	0	0	0	0	0	0	0	0	0	0	0	0.000248573970380449	6.54142027316971e-05	5.2331362185357685e-05	0	0	0	0
164943	0.758696365058144	0.11039780036828696	0.06008626995938753	0.04790253008097268	0.010846807759251318	0	0	0.006999974774865676	0	0.005070251999091896	0	0	0	0	0	0	0	0	0	0	0	0	0	0	0	0	0	0	0	0	0	0	0	0	0	0	0	0	0	0
164945	0.7585569277782643	0.10707229959222601	0.0621782332389322	0.04896207410002627	0.010997245822506399	0	0	0.007649411696008876	0	0.004583807772035853	0	0	0	0	0	0	0	0	0	0	0	0	0	0	0	0	0	0	0	0	0	0	0	0	0	0	0	0	0	0
164958	0.7715022236672511	0.06405090630406762	0.09704014212891464	0.04320765452455323	0.009649438567563487	0	0	0.009533320173248644	0	0.0050163146344012356	0	0	0	0	0	0	0	0	0	0	0	0	0	0	0	0	0	0	0	0	0	0	0	0	0	0	0	0	0	0
164977	0.7344586542395191	0.06725245015207841	0.12630511730492164	0.04526778250120062	0.009320360719304175	0	0	0.012184059337258319	0	0.005211575745717793	0	0	0	0	0	0	0	0	0	0	0	0	0	0	0	0	0	0	0	0	0	0	0	0	0	0	0	0	0	0
164974	0.7802668530237735	0.0727180960515588	0.0697545003947147	0.049992882193837275	0.009757865175809812	0	0	0.010327289668827892	0	0.007182513491478045	0	0	0	0	0	0	0	0	0	0	0	0	0	0	0	0	0	0	0	0	0	0	0	0	0	0	0	0	0	0
164960	0.7882092106627944	0.05409189918058293	0.0980577740898247	0.031013380354734985	0.007532932268436884	0	0	0.0082719634892646	0	0.005639975106316772	0	0	0	0	0	0	0.007105072087957681	0	0	0	0	0	0	0	0	0	0	0	0	0	0	0	0	7.779276008712788e-05	0	0	0	0	0	0
165002	0.7700432393478065	0.04924105936402126	0.11639717142599766	0.02990721556616521	0	0	0	0	0	0	0	0	0	0	0	0	0	0.03441131429600937	0	0	0	0	0	0	0	0	0	0	0	0	0	0	0	0	0	0	0	0	0	0
164912	0.6853055772013804	0.1455081821217856	0.07332739619280863	0.039652677279305354	0.010909495714126683	0.04529667149059334	0	0	0	0	0	0	0	0	0	0	0	0	0	0	0	0	0	0	0	0	0	0	0	0	0	0	0	0	0	0	0	0	0	0
165008	0.7545359728203063	0.0562078544358045	0.1291964848146886	0.032281049598810375	0	0	0.027778638330390244	0	0	0	0	0	0	0	0	0	0	0	0	0	0	0	0	0	0	0	0	0	0	0	0	0	0	0	0	0	0	0	0	0
164949	0.7630419940830778	0.04898194133947337	0.13175191764501146	0.032502911607609	0	0	0.023721235324828317	0	0	0	0	0	0	0	0	0	0	0	0	0	0	0	0	0	0	0	0	0	0	0	0	0	0	0	0	0	0	0	0	0
164947	0.7917945762636729	0.05118969778240777	0.08461427637338889	0.03765806301463988	0	0	0.03474338656589053	0	0	0	0	0	0	0	0	0	0	0	0	0	0	0	0	0	0	0	0	0	0	0	0	0	0	0	0	0	0	0	0	0
164946	0.7871835533296065	0.052297126167957744	0.0916796915108439	0.037112249438125335	0	0	0.03172737955346651	0	0	0	0	0	0	0	0	0	0	0	0	0	0	0	0	0	0	0	0	0	0	0	0	0	0	0	0	0	0	0	0	0
164936	0.7742719258161229	0.05528125452782453	0.10356318892591643	0.03796128083100209	0	0	0.028922349899134	0	0	0	0	0	0	0	0	0	0	0	0	0	0	0	0	0	0	0	0	0	0	0	0	0	0	0	0	0	0	0	0	0
164957	0.7382450128503243	0.050593562599437036	0.14001958144657936	0.039921674213682534	0	0	0.026655244156162036	0	0	0.004564924733814711	0	0	0	0	0	0	0	0	0	0	0	0	0	0	0	0	0	0	0	0	0	0	0	0	0	0	0	0	0	0
164993	0.7612535250090113	0.05029366240485126	0.12163136356889935	0.02847571189279732	0.006488136886966478	0	0.031698577274558444	0	0	0	0	0	0	0	0	0	0	0	0	0	0	0	0	0	0	0	0	0	0	0	0	0	0	0.00015902296291584505	0	0	0	0	0	0
164989	0.768581520325908	0.05455274334749068	0.09718731039264973	0.03995839472999913	0.0064683193204472566	0	0.033024183063188	0	0	0	0	0	0	0	0	0	0	0	0	0	0	0	0	0	0	0	0	0	0	0	0	0	0	0.0002275288203172402	0	0	0	0	0	0
164971	0.7420790652849947	0.05416737041857508	0.13488191870920307	0.03644275764771339	0.006825565568151335	0	0.02560332237136243	0	0	0	0	0	0	0	0	0	0	0	0	0	0	0	0	0	0	0	0	0	0	0	0	0	0	0	0	0	0	0	0	0
164990	0.7541258820851354	0.05532950147962668	0.12070339175961757	0.03516958798087867	0.006103460050079672	0	0.027814136125654452	0	0	0	0	0	0	0	0	0	0	0	0	0	0	0	0	0	0	0	0	0	0	0	0	0	0	0.000355679490097883	9.959025722740723e-05	5.690871841566128e-05	0.00012804461643523788	0.00011381743683132256	0	0
164934	0.7873806876100454	0.05768696135668613	0.08168844407376517	0.035747382077657305	0.0070197386711148176	0	0.030476786210731164	0	0	0	0	0	0	0	0	0	0	0	0	0	0	0	0	0	0	0	0	0	0	0	0	0	0	0	0	0	0	0	0	0
164997	0.7045074464400574	0.06036316857156994	0.15484637078818464	0.034852308149027754	0.007698777893226461	0	0.037731928157933796	0	0	0	0	0	0	0	0	0	0	0	0	0	0	0	0	0	0	0	0	0	0	0	0	0	0	0	0	0	0	0	0	0
164976	0.7330147517141076	0.051209347233595284	0.1366886251695775	0.0424707593405116	0.006159787829530316	0	0.025800222436782733	0	0	0.004656506275894942	0	0	0	0	0	0	0	0	0	0	0	0	0	0	0	0	0	0	0	0	0	0	0	0	0	0	0	0	0	0
165001	0.8502331847859882	0.04751787750025909	0.023080111928697276	0.036553010674681315	0.006653539226862887	0	0.031733858430925486	0	0	0.0042284174525857605	0	0	0	0	0	0	0	0	0	0	0	0	0	0	0	0	0	0	0	0	0	0	0	0	0	0	0	0	0	0
164910	0.7787123281777701	0.05255232645685891	0.0872501989803601	0.03877428098177985	0.0074214296469980855	0	0.030729021016628305	0	0	0.00456041473960462	0	0	0	0	0	0	0	0	0	0	0	0	0	0	0	0	0	0	0	0	0	0	0	0	0	0	0	0	0	0
164979	0.7789218591263122	0.053176854046732135	0.0821727903826617	0.03590628174737555	0.006317727734507281	0	0.033345326786319	0	0	0	0	0	0	0	0	0	0	0	0	0	0.01015916017609211	0	0	0	0	0	0	0	0	0	0	0	0	0	0	0	0	0	0	0
164938	0.721560073062721	0.08463974559455446	0.10052694516353697	0.045467088923638946	0.007845043955899552	0	0.021945097833085847	0.008015874058791837	0	0.005729378835464329	0	0	0	0	0	0	0	0	0	0	0	0	0	0	0	0	0	0	0	0	0	0.004270752572307126	0	0	0	0	0	0	0	0
164914	0.6758493651105753	0.1453363827343192	0.07311318313998613	0.04658960375034927	0.01159048338524904	0.020117767590110833	0.013598120685908249	0	0.00948970827167265	0	0	0.00431538533182933	0	0	0	0	0	0	0	0	0	0	0	0	0	0	0	0	0	0	0	0	0	0	0	0	0	0	0	0
164975	0.7460413923495054	0.09794388736959384	0.042118234916776395	0.04102096627164995	0.010483135824977211	0.007883453188831492	0.024089267024545055	0.010044228366926635	0	0.006769303487626186	0	0	0	0	0	0	0.0061784665248657954	0	0	0	0	0	0	0	0	0	0	0	0.007427664674702049	0	0	0	0	0	0	0	0	0	0	0
164966	0.6346851800934836	0.16405004124278252	0.07290349188891944	0.05327192741270278	0.015204839153148198	0.020263953808083584	0.010723123453395655	0.0042205114105031616	0.009142150123728347	0.006901292273852076	0.008633489139400605	0	0	0	0	0	0	0	0	0	0	0	0	0	0	0	0	0	0	0	0	0	0	0	0	0	0	0	0	0
164973	0.47465408962393973	0.2767157905271849	0.0893236920459379	0.07439887907523707	0.025408461981134434	0	0.006592939174819226	0	0	0.013411064127905522	0.01373633247429129	0.006517877248730202	0	0	0	0	0	0	0	0.005567092851602572	0	0.0052793554682613155	0	0	0	0.004190957539970476	0	0	0	0	0	0	0.004203467860985313	0	0	0	0	0	0	0
164941	0.60392619428764	0.21125862089717512	0.027779449466196454	0.06166123033592913	0.01651360687505266	0.030367223138307475	0.008304948063984208	0	0.020052236919706798	0.005560704355885079	0.008545671196273606	0.006030114463849404	0	0	0	0	0	0	0	0	0	0	0	0	0	0	0	0	0	0	0	0	0	0	0	0	0	0	0	0
164944	0.5611700396954513	0.25005965163445476	0	0.05815492071755493	0.018285937398321076	0.047482701026008114	0	0	0.024966920457256892	0.006529142534869092	0.009967245829808465	0.008600681113207956	0.0071907333897312424	0.0075920262033361535	0	0	0	0	0	0	0	0	0	0	0	0	0	0	0	0	0	0	0	0	0	0	0	0	0	0
164928	0.6188835869780049	0.20374396476268458	0.021091566197024028	0.05631476409633792	0.019157466753254086	0.037778467967360306	0.00770816274670356	0	0.013792811361775419	0.00609876612925996	0.010164610215433266	0	0	0.0052658327921619565	0	0	0	0	0	0	0	0	0	0	0	0	0	0	0	0	0	0	0	0	0	0	0	0	0	0
164919	0.5357893990594796	0.2627785523548456	0	0.052992887019401184	0.018834038329749274	0.06297705413899851	0	0	0.01609282321525628	0.00792825578372758	0.010244109932178558	0.008365432332159653	0.007467448070515395	0	0.006947562445352932	0.005021622515773803	0	0	0.0045608148025616186	0	0	0	0	0	0	0	0	0	0	0	0	0	0	0	0	0	0	0	0	0
164923	0.57825444567569	0.2300802068492428	0.01106801751886444	0.04870455384940109	0.01774312701176719	0.054245158566830244	0	0	0.024827185900480185	0.00641127117302517	0.008957310959843808	0.007888765764339613	0	0.007532584032504881	0	0.004287372698010659	0	0	0	0	0	0	0	0	0	0	0	0	0	0	0	0	0	0	0	0	0	0	0	0
164918	0.5417769005725164	0.24829574882067218	0	0.05674771483363429	0.017413457635185262	0.05964529178739904	0	0	0.0192471899102731	0.005277229524489425	0.010484469267486947	0.009210655244334327	0.008160808521955795	0.00673301697952099	0.007852853483391424	0.004353364408796316	0	0	0.004801299010344489	0	0	0	0	0	0	0	0	0	0	0	0	0	0	0	0	0	0	0	0	0
164942	0.5511176534729038	0.25233889434085705	0	0.057583687711263765	0.01722821938719878	0.0422963689892051	0	0	0.02313815287318722	0.00595354923127249	0.00988987024315778	0.00924653800021808	0.008286991603969033	0.008276087667648022	0	0	0	0	0.004099880056700469	0	0	0	0	0.006193435830334751	0	0.004350670592083742	0	0	0	0	0	0	0	0	0	0	0	0	0	0
164948	0.5291636977038405	0.263513022234502	0	0.05168176596332543	0.023557811159422397	0.05885090232233484	0	0	0.02187095554553783	0.008099815318393997	0.011386275393720825	0.007023717771605566	0.006776506173019036	0.006340250410807509	0	0.005162359852836389	0.0065729201506536565	0	0	0	0	0	0	0	0	0	0	0	0	0	0	0	0	0	0	0	0	0	0	0
164970	0.5547069051167411	0.25543343268753105	0.00872454048683557	0.04897851465474416	0.024046820665673124	0.04307935916542474	0	0	0.02136115250869349	0.00939207650273224	0.010789244908097366	0.007886239443616492	0.006178589170392449	0	0	0.005076378539493293	0	0	0	0.004346746150024838	0	0	0	0	0	0	0	0	0	0	0	0	0	0	0	0	0	0	0	0
164909	0.6041056051621112	0.2009747120169041	0.027151069002340218	0.04372571740167678	0.016676890918592233	0.051212141867175605	0	0	0.01973280621634517	0.005248449321791289	0.00748642446549883	0.00672528571103992	0.006600322631949651	0.0060663894758366844	0	0.004294185808738327	0	0	0	0	0	0	0	0	0	0	0	0	0	0	0	0	0	0	0	0	0	0	0	0
164929	0.508493488325617	0.27998534456916363	0	0.054491556473370416	0.024880924624454584	0.056706524997501916	0	0	0.01725343903007694	0.006694867268427539	0.012207307730739766	0.007810678479832129	0	0.006261865902807848	0.007044599140658828	0.005312593678180062	0.006078673017353362	0	0	0	0	0	0	0.006778136761815941	0	0	0	0	0	0	0	0	0	0	0	0	0	0	0	0
164911	0.5081487021283226	0.2759963852793618	0	0.06337186957921744	0.02333987722414384	0.046690141576558326	0	0	0.018135925960549686	0.010864936171096776	0.011218098532298776	0.0073956353287006745	0.007748797689902672	0.005785630446750387	0.006543890810507619	0.005816791831562328	0	0	0.004705369106603097	0.004237948334423982	0	0	0	0	0	0	0	0	0	0	0	0	0	0	0	0	0	0	0	0
164916	0.515784306850852	0.29609424304046	0	0.061215903513077624	0.02992777505083795	0.03163873501157002	0	0	0.019633966762499122	0.008330411612088914	0.007348713273963958	0.00977491059532992	0	0	0.009873080429142417	0.004628006451160508	0	0	0	0	0	0	0	0.0057499474090176	0	0	0	0	0	0	0	0	0	0	0	0	0	0	0	0
164935	0.5168445459815187	0.30361100692194903	0	0.0488628226548914	0.028352712517475363	0	0	0	0.006478671531353361	0.01133767517986838	0.013144883554403792	0.007723258430797558	0.008780304838544686	0	0.008524567804412317	0.004381627851467931	0	0	0	0.006171787090394517	0	0.004228185630988509	0	0	0.018685852627271796	0.005080642411429741	0.007791454973232857	0	0	0	0	0	0	0	0	0	0	0	0	0
164931	0.4288906524099908	0.37341283100827	0.01336563361456854	0.06993985464873444	0.027316013699774454	0	0	0	0	0.006912538635034667	0.014576894160888814	0.009220198813800016	0.007131818561523682	0	0.014952802606298554	0	0.010828251608052794	0	0.005314927742043271	0	0	0.006808119622420851	0.0070482833514326285	0	0	0	0	0	0	0	0.004281179517166485	0	0	0	0	0	0	0	0	0
164921	0.4961699840229353	0.306117573277986	0	0.06329605351570082	0.022158844873154053	0.023338459930417645	0	0	0.021964731002971437	0.009078556390079288	0.011616968538621195	0.010108853085663944	0	0.007869077660479909	0	0.005972734467157426	0.006495348733033701	0	0.004822983082229622	0.004255573307849666	0	0	0	0.006734258111719999	0	0	0	0	0	0	0	0	0	0	0	0	0	0	0	0
164972	0.4449189415670223	0.3234118670835079	0	0.0782383085699552	0.03137589841106134	0.006220388693718375	0	0	0.009636767976278725	0.013246527218229285	0.018097141199600347	0.010942082702162632	0.006381538659876881	0	0.009588422986431172	0.00610758371740742	0.008524833209785025	0	0.004963418957682019	0.005591903825700196	0	0.006687723595578045	0.005978663744480614	0	0.004818383988139363	0.005269603893383182	0	0	0	0	0	0	0	0	0	0	0	0	0	0
164930	0.45134713093739803	0.3260033561739617	0	0.06934927515965134	0.029774390528131262	0.02080128653335198	0	0	0.01718873817181746	0.013354775555866312	0.013529576283037338	0.008973103994779285	0	0.0062695194145340975	0	0.005756770614832424	0.008576889013191627	0	0.004230177597538806	0.004439938470144036	0	0.004603085815503659	0.006083065305551671	0	0	0	0	0.005045914324336922	0	0.004614739197315061	0	0	0	0	0	0	0	0	5.826690905700835e-05	0
164917	0.42701424073393324	0.3409145396135343	0	0.07182700145444083	0.03143829814438921	0.02373455655537264	0	0	0.01905157670976713	0.010133137276839229	0.013361676283024598	0.00883852510109163	0.006345197947799959	0.0054341745648664634	0.007096392667060911	0.006505026611472502	0.007959467450892642	0	0	0	0	0	0.00653699234420701	0	0	0.004315373919158662	0.0052263973020921575	0.004267425320056899	0	0	0	0	0	0	0	0	0	0	0	0
