ITS2 type profile UID		373662	373661	373660	373445
Clade		C	C	C	C
Majority ITS2 sequence		C3u	C3u	C3u	C3u
Associated species		None	None	None	None
ITS2 profile abundance local		60	22	11	7
ITS2 profile abundance DB		60	22	11	139
ITS2 type profile		C3u-C3xu-C3-C115	C3u-C3xu-C3-C115-C3xv	C3u-C3-C115-C3xt	C3/C3u-C115-C21ab-C3ge
164986	ATEN08	95692.0	0	0	0
164992	ATEN14	80942.0	0	0	0
164988	ATEN10	100818.0	0	0	0
165006	ATEN28	91699.0	0	0	0
164965	AMIL17	88103.0	0	0	0
164953	AMIL05	98009.0	0	0	0
165003	ATEN25	67152.0	0	0	0
164987	ATEN09	95824.0	0	0	0
164926	ADIG18	95673.0	0	0	0
164983	ATEN05	87374.0	0	0	0
164955	AMIL07	80486.0	0	0	0
164999	ATEN21	88066.0	0	0	0
165007	ATEN29	98603.0	0	0	0
164922	ADIG14	71254.0	0	0	0
164981	ATEN03	99312.0	0	0	0
164937	ADIG29	100834.0	0	0	0
164952	AMIL04	60943.0	0	0	0
164940	ADIG32	66292.0	0	0	0
164980	ATEN02	85597.0	0	0	0
165000	ATEN22	76233.0	0	0	0
165005	ATEN27	98373.0	0	0	0
164956	AMIL08	88690.0	0	0	0
164982	ATEN04	86325.0	0	0	0
164985	ATEN07	96958.0	0	0	0
165004	ATEN26	86101.0	0	0	0
164998	ATEN20	89065.0	0	0	0
164927	ADIG19	88800.0	0	0	0
164959	AMIL11	87282.0	0	0	0
164994	ATEN16	96916.0	0	0	0
164991	ATEN13	99662.0	0	0	0
164996	ATEN18	86521.0	0	0	0
164967	AMIL19	71995.0	0	0	0
164932	ADIG24	81375.0	0	0	0
164924	ADIG16	70539.0	0	0	0
164962	AMIL14	68144.0	0	0	0
164925	ADIG17	83909.0	0	0	0
164995	ATEN17	62169.0	0	0	0
164954	AMIL06	75167.0	0	0	0
164950	AMIL02	88122.0	0	0	0
164984	ATEN06	101001.0	0	0	0
164920	ADIG12	60235.0	0	0	0
164939	ADIG31	78070.0	0	0	0
164964	AMIL16	72553.0	0	0	0
164969	AMIL21	99474.0	0	0	0
164963	AMIL15	77086.0	0	0	0
164913	ADIG05	83903.0	0	0	0
164978	AMIL30	68523.0	0	0	0
164968	AMIL20	63115.0	0	0	0
164915	ADIG07	59775.0	0	0	0
164951	AMIL03	82764.0	0	0	0
164933	ADIG25	92004.0	0	0	0
164961	AMIL13	74707.0	0	0	0
164943	ADIG35	77469.0	0	0	0
164945	ADIG37	100366.0	0	0	0
164958	AMIL10	84035.0	0	0	0
164977	AMIL29	54719.0	0	0	0
164974	AMIL26	75164.0	0	0	0
164960	AMIL12	74920.0	0	0	0
165002	ATEN24	85752.0	0	0	0
164912	ADIG04	84781.0	0	0	0
165008	ATEN30	0	96837.0	0	0
164949	AMIL01	0	74701.0	0	0
164947	ADIG39	0	90233.0	0	0
164946	ADIG38	0	87653.0	0	0
164936	ADIG28	0	89723.0	0	0
164957	AMIL09	0	81337.0	0	0
164993	ATEN15	0	93699.0	0	0
164989	ATEN11	0	91678.0	0	0
164971	AMIL23	0	99964.0	0	0
164990	ATEN12	0	69806.0	0	0
164934	ADIG26	0	85722.0	0	0
164997	ATEN19	0	100277.0	0	0
164976	AMIL28	0	80936.0	0	0
165001	ATEN23	0	95440.0	0	0
164910	ADIG02	0	91860.0	0	0
164979	ATEN01	0	92939.0	0	0
164938	ADIG30	0	74131.0	0	0
164914	ADIG06	0	92233.0	0	0
164975	AMIL27	0	56348.0	0	0
164966	AMIL18	0	68058.0	0	0
164973	AMIL25	0	73674.0	0	0
164941	ADIG33	0	75849.0	0	0
164944	ADIG36	0	0	84537.0	0
164928	ADIG20	0	0	64935.0	0
164919	ADIG11	0	0	77401.0	0
164923	ADIG15	0	0	69079.0	0
164918	ADIG10	0	0	64757.0	0
164942	ADIG34	0	0	82845.0	0
164948	ADIG40	0	0	62111.0	0
164970	AMIL22	0	0	58116.0	0
164909	ADIG01	0	0	79225.0	0
164929	ADIG21	0	0	54022.0	0
164911	ADIG03	0	0	86088.0	0
164916	ADIG08	0	0	0	64984.0
164935	ADIG27	0	0	0	53317.0
164931	ADIG23	0	0	0	86811.0
164921	ADIG13	0	0	0	60061.0
164972	AMIL24	0	0	0	55302.0
164930	ADIG22	0	0	0	76358.0
164917	ADIG09	0	0	0	55142.0
Sequence accession / SymPortal UID		1330-142-32-20866	1330-142-32-20866-353134	1330-32-20866-110235	1330-32-20866-20932-1010
Average defining sequence proportions and [stdev]		0.778[0.032]-0.120[0.034]-0.062[0.019]-0.039[0.005]	0.747[0.067]-0.098[0.035]-0.087[0.068]-0.042[0.012]-0.026[0.008]	0.611[0.037]-0.273[0.030]-0.059[0.006]-0.056[0.009]	0.522[0.040]-0.361[0.031]-0.074[0.011]-0.032[0.004]-0.012[0.003]
